AFG,1936	24.266666666666666,15
AFG,1960	23.3125,16
AFG,1964	22.0,7
AFG,1968	23.2,5
AFG,1972	29.0,4
AFG,1980	23.636363636363637,11
AFG,1996	23.5,2
AFG,2004	18.6,5
AFG,2008	22.5,4
AFG,2012	24.833333333333332,6
AFG,2016	24.666666666666668,3
AHO,1952	23.09090909090909,11
AHO,1960	26.2,5
AHO,1964	28.5,4
AHO,1968	31.0,5
AHO,1972	38.5,2
AHO,1976	27.333333333333332,3
AHO,1984	18.23076923076923,13
AHO,1988	28.714285714285715,7
AHO,1992	29.666666666666668,6
AHO,1996	30.142857142857142,7
AHO,2000	30.625,8
AHO,2004	32.333333333333336,3
AHO,2008	23.0,4
ALB,1972	26.8,5
ALB,1992	25.333333333333332,9
ALB,1996	26.77777777777778,9
ALB,2000	31.2,5
ALB,2004	20.857142857142858,7
ALB,2006	19.0,3
ALB,2008	27.25,12
ALB,2010	23.0,2
ALB,2012	25.7,10
ALB,2014	20.0,2
ALB,2016	23.666666666666668,6
ALG,1964	26.0,7
ALG,1968	25.77777777777778,9
ALG,1972	22.714285714285715,7
ALG,1980	23.372881355932204,59
ALG,1984	24.258064516129032,31
ALG,1988	24.622222222222224,45
ALG,1992	23.022727272727273,44
ALG,1996	24.19148936170213,47
ALG,2000	24.901960784313726,51
ALG,2004	25.08450704225352,71
ALG,2006	24.333333333333332,3
ALG,2008	25.210526315789473,57
ALG,2010	17.0,1
ALG,2012	24.846153846153847,39
ALG,2016	23.95945945945946,74
AND,1976	20.642857142857142,14
AND,1980	20.90909090909091,11
AND,1984	22.25,8
AND,1988	18.692307692307693,13
AND,1992	20.454545454545453,22
AND,1994	20.0,13
AND,1996	24.375,8
AND,1998	23.857142857142858,7
AND,2000	31.0,5
AND,2002	24.6,5
AND,2004	29.666666666666668,6
AND,2006	24.8,10
AND,2008	26.6,5
AND,2010	23.55,20
AND,2012	32.0,6
AND,2014	23.5,12
AND,2016	26.0,4
ANG,1980	17.352941176470587,17
ANG,1988	20.09090909090909,33
ANG,1992	23.87878787878788,33
ANG,1996	25.466666666666665,30
ANG,2000	26.8,30
ANG,2004	26.7,30
ANG,2008	27.181818181818183,33
ANG,2012	26.428571428571427,35
ANG,2016	27.46153846153846,26
ANT,1976	23.1875,16
ANT,1984	21.11111111111111,27
ANT,1988	23.32,25
ANT,1992	25.444444444444443,18
ANT,1996	24.36842105263158,19
ANT,2000	29.5,4
ANT,2004	20.0,5
ANT,2008	22.2,5
ANT,2012	23.0,4
ANT,2016	22.22222222222222,9
ANZ,1908	23.74418604651163,43
ANZ,1912	24.81578947368421,38
ARG,1900	23.0,1
ARG,1924	25.116666666666667,60
ARG,1928	24.0,63
ARG,1932	26.536585365853657,41
ARG,1936	29.323529411764707,68
ARG,1948	27.044117647058822,204
ARG,1952	27.1139896373057,193
ARG,1956	28.058823529411764,34
ARG,1960	27.869230769230768,130
ARG,1964	27.523529411764706,170
ARG,1968	25.62937062937063,143
ARG,1972	26.031007751937985,129
ARG,1976	23.462809917355372,121
ARG,1980	23.24,25
ARG,1984	23.88157894736842,152
ARG,1988	23.54189944134078,179
ARG,1992	23.878980891719745,157
ARG,1994	19.55,20
ARG,1996	24.466063348416288,221
ARG,1998	20.666666666666668,6
ARG,2000	25.0,165
ARG,2002	22.46153846153846,26
ARG,2004	27.039106145251395,179
ARG,2006	23.764705882352942,17
ARG,2008	27.082758620689656,145
ARG,2010	27.55,20
ARG,2012	27.35135135135135,148
ARG,2014	26.65,20
ARG,2016	27.5,232
ARM,1994	28.0,2
ARM,1996	24.0,38
ARM,1998	22.857142857142858,7
ARM,2000	25.615384615384617,26
ARM,2002	25.0,17
ARM,2004	26.736842105263158,19
ARM,2006	21.666666666666668,9
ARM,2008	24.923076923076923,26
ARM,2010	20.5,6
ARM,2012	24.93548387096774,31
ARM,2014	23.0,6
ARM,2016	24.529411764705884,34
ARU,1988	27.833333333333332,12
ARU,1992	28.0,5
ARU,1996	23.333333333333332,3
ARU,2000	19.6,5
ARU,2004	22.0,4
ARU,2008	25.5,2
ARU,2012	23.75,4
ARU,2016	24.0,7
ASA,1988	27.0,6
ASA,1992	25.666666666666668,3
ASA,1994	35.5,2
ASA,1996	30.857142857142858,7
ASA,2000	27.0,4
ASA,2004	30.0,3
ASA,2008	23.5,4
ASA,2012	22.0,4
ASA,2016	25.25,4
AUS,1896	22.0,5
AUS,1900	22.0,6
AUS,1904	23.0,6
AUS,1906	24.5,10
AUS,1920	24.636363636363637,22
AUS,1924	26.163636363636364,55
AUS,1928	21.285714285714285,21
AUS,1932	27.647058823529413,17
AUS,1936	23.29268292682927,41
AUS,1948	24.77319587628866,97
AUS,1952	24.132911392405063,158
AUS,1956	24.623229461756374,353
AUS,1960	24.39308176100629,318
AUS,1964	24.389162561576356,406
AUS,1968	23.060606060606062,231
AUS,1972	23.212230215827336,278
AUS,1976	23.855670103092784,291
AUS,1980	22.502392344497608,209
AUS,1984	23.871148459383754,357
AUS,1988	24.82620320855615,374
AUS,1992	23.85614849187935,431
AUS,1994	24.617021276595743,47
AUS,1996	24.854545454545455,550
AUS,1998	27.323529411764707,34
AUS,2000	25.798223350253807,788
AUS,2002	24.682926829268293,41
AUS,2004	25.823627287853576,601
AUS,2006	25.711111111111112,45
AUS,2008	26.07017543859649,570
AUS,2010	26.102040816326532,49
AUS,2012	26.270428015564203,514
AUS,2014	23.86904761904762,84
AUS,2016	26.55212355212355,518
AUT,1896	21.75,8
AUT,1900	24.5,16
AUT,1904	26.285714285714285,7
AUT,1906	26.5,42
AUT,1908	23.0,13
AUT,1912	25.748091603053435,131
AUT,1924	28.470588235294116,34
AUT,1928	33.14503816793893,131
AUT,1932	33.57142857142857,42
AUT,1936	30.09692671394799,423
AUT,1948	31.527156549520768,313
AUT,1952	25.503205128205128,312
AUT,1956	26.88111888111888,143
AUT,1960	25.476394849785407,233
AUT,1964	24.484848484848484,198
AUT,1968	25.473684210526315,171
AUT,1972	25.777251184834125,211
AUT,1976	24.92063492063492,189
AUT,1980	24.29746835443038,158
AUT,1984	24.714893617021275,235
AUT,1988	25.104417670682732,249
AUT,1992	25.737903225806452,248
AUT,1994	25.753846153846155,130
AUT,1996	27.467391304347824,92
AUT,1998	26.40909090909091,154
AUT,2000	26.30701754385965,114
AUT,2002	27.655405405405407,148
AUT,2004	28.358695652173914,92
AUT,2006	27.704545454545453,132
AUT,2008	27.27956989247312,93
AUT,2010	27.575757575757574,132
AUT,2012	28.2,90
AUT,2014	26.976525821596244,213
AUT,2016	27.388235294117646,85
AZE,1996	25.125,24
AZE,1998	22.0,4
AZE,2000	26.4375,32
AZE,2002	23.25,4
AZE,2004	26.594594594594593,37
AZE,2006	27.5,2
AZE,2008	23.75,44
AZE,2010	33.0,4
AZE,2012	25.220338983050848,59
AZE,2014	23.75,4
AZE,2016	25.608695652173914,69
BAH,1952	32.857142857142854,7
BAH,1956	28.8,5
BAH,1960	32.0,14
BAH,1964	32.666666666666664,12
BAH,1968	27.545454545454547,22
BAH,1972	27.08,25
BAH,1976	23.157894736842106,19
BAH,1984	22.06451612903226,31
BAH,1988	26.944444444444443,18
BAH,1992	24.555555555555557,18
BAH,1996	27.11111111111111,36
BAH,2000	26.41025641025641,39
BAH,2004	25.785714285714285,28
BAH,2008	26.0,33
BAH,2012	25.96551724137931,29
BAH,2016	25.57894736842105,38
BAN,1984	21.0,2
BAN,1988	23.454545454545453,11
BAN,1992	24.555555555555557,9
BAN,1996	22.75,4
BAN,2000	20.833333333333332,6
BAN,2004	19.25,4
BAN,2008	24.4,5
BAN,2012	20.714285714285715,7
BAN,2016	23.428571428571427,7
BAR,1968	24.153846153846153,13
BAR,1972	24.35,20
BAR,1976	23.235294117647058,17
BAR,1984	24.208333333333332,24
BAR,1988	23.44,25
BAR,1992	26.09090909090909,22
BAR,1996	20.863636363636363,22
BAR,2000	23.535714285714285,28
BAR,2004	23.2,15
BAR,2008	22.4,10
BAR,2012	23.5,8
BAR,2016	25.153846153846153,13
BDI,1996	25.428571428571427,7
BDI,2000	25.166666666666668,6
BDI,2004	25.0,7
BDI,2008	24.333333333333332,3
BDI,2012	21.833333333333332,6
BDI,2016	24.5,10
BEL,1900	31.42222222222222,45
BEL,1906	23.681818181818183,22
BEL,1908	26.615384615384617,52
BEL,1912	28.060606060606062,66
BEL,1920	30.848920863309353,278
BEL,1924	30.183333333333334,180
BEL,1928	28.142857142857142,154
BEL,1932	27.697674418604652,43
BEL,1936	31.053097345132745,226
BEL,1948	29.035714285714285,196
BEL,1952	27.07537688442211,199
BEL,1956	26.186046511627907,86
BEL,1960	26.313333333333333,150
BEL,1964	24.95294117647059,85
BEL,1968	23.452830188679247,106
BEL,1972	24.495412844036696,109
BEL,1976	22.55625,160
BEL,1980	22.977777777777778,90
BEL,1984	23.978947368421053,95
BEL,1988	24.25581395348837,86
BEL,1992	24.78181818181818,110
BEL,1994	23.125,8
BEL,1996	27.123456790123456,81
BEL,1998	30.0,3
BEL,2000	25.840425531914892,94
BEL,2002	23.615384615384617,13
BEL,2004	28.857142857142858,70
BEL,2006	28.75,8
BEL,2008	24.857142857142858,112
BEL,2010	27.4,10
BEL,2012	27.661971830985916,142
BEL,2014	25.818181818181817,11
BEL,2016	25.253623188405797,138
BEN,1972	23.0,2
BEN,1980	24.0,7
BEN,1984	25.333333333333332,3
BEN,1988	27.6,10
BEN,1992	22.4,5
BEN,1996	25.714285714285715,7
BEN,2000	25.75,4
BEN,2004	22.75,4
BEN,2008	24.4,5
BEN,2012	26.2,5
BEN,2016	26.5,6
BER,1936	23.333333333333332,9
BER,1948	21.181818181818183,22
BER,1952	21.0,12
BER,1956	42.0,2
BER,1960	38.888888888888886,9
BER,1964	25.5,4
BER,1968	29.166666666666668,6
BER,1972	30.0,9
BER,1976	25.0,20
BER,1984	25.076923076923077,13
BER,1988	28.642857142857142,14
BER,1992	23.766666666666666,30
BER,1994	29.0,1
BER,1996	30.7,10
BER,1998	23.0,1
BER,2000	31.857142857142858,7
BER,2002	27.0,1
BER,2004	31.3,10
BER,2006	31.0,1
BER,2008	24.0,6
BER,2010	28.0,1
BER,2012	27.75,8
BER,2014	32.0,1
BER,2016	25.125,8
BHU,1984	26.333333333333332,6
BHU,1988	34.0,6
BHU,1992	22.166666666666668,12
BHU,1996	23.5,2
BHU,2000	25.0,2
BHU,2004	25.5,2
BHU,2008	27.0,2
BHU,2012	27.5,2
BHU,2016	25.0,2
BIH,1992	26.615384615384617,13
BIH,1994	23.75,12
BIH,1996	27.333333333333332,12
BIH,1998	25.666666666666668,12
BIH,2000	28.454545454545453,11
BIH,2002	21.25,4
BIH,2004	27.636363636363637,11
BIH,2006	21.11111111111111,9
BIH,2008	32.42857142857143,7
BIH,2010	20.2,10
BIH,2012	32.125,8
BIH,2014	23.142857142857142,14
BIH,2016	25.272727272727273,11
BIZ,1968	29.142857142857142,7
BIZ,1972	66.0,2
BIZ,1976	44.333333333333336,3
BIZ,1984	22.384615384615383,13
BIZ,1988	22.307692307692307,13
BIZ,1992	22.5,18
BIZ,1996	26.8,5
BIZ,2000	21.0,2
BIZ,2004	23.5,2
BIZ,2008	26.75,4
BIZ,2012	27.333333333333332,3
BIZ,2016	27.333333333333332,3
BLR,1994	23.77027027027027,74
BLR,1996	23.486486486486488,259
BLR,1998	26.037383177570092,107
BLR,2000	24.857142857142858,231
BLR,2002	26.520325203252032,123
BLR,2004	25.473958333333332,192
BLR,2006	27.142857142857142,70
BLR,2008	25.59493670886076,237
BLR,2010	27.54736842105263,95
BLR,2012	26.90810810810811,185
BLR,2014	28.48611111111111,72
BLR,2016	27.316901408450704,142
BOH,1900	27.166666666666668,6
BOH,1906	24.666666666666668,12
BOH,1908	26.392857142857142,28
BOH,1912	24.70769230769231,65
BOL,1936	26.0,1
BOL,1956	20.0,2
BOL,1964	34.0,1
BOL,1968	39.0,4
BOL,1972	30.785714285714285,14
BOL,1976	30.8,5
BOL,1980	20.875,8
BOL,1984	28.055555555555557,18
BOL,1988	23.0,20
BOL,1992	25.689655172413794,29
BOL,1996	22.555555555555557,9
BOL,2000	24.2,5
BOL,2004	20.454545454545453,11
BOL,2008	32.42857142857143,7
BOL,2012	23.8,5
BOL,2016	25.583333333333332,12
BOT,1980	26.0,8
BOT,1984	28.5,8
BOT,1988	25.2,10
BOT,1992	27.666666666666668,6
BOT,1996	25.571428571428573,7
BOT,2000	24.88888888888889,9
BOT,2004	24.416666666666668,12
BOT,2008	23.818181818181817,11
BOT,2012	23.5,4
BOT,2016	21.928571428571427,14
BRA,1900	20.0,3
BRA,1920	35.42857142857143,21
BRA,1924	23.142857142857142,14
BRA,1932	24.9,40
BRA,1936	25.595744680851062,94
BRA,1948	26.623762376237625,101
BRA,1952	26.36283185840708,113
BRA,1956	26.40983606557377,61
BRA,1960	25.988372093023255,86
BRA,1964	24.384615384615383,65
BRA,1968	24.93258426966292,89
BRA,1972	23.134615384615383,104
BRA,1976	23.60674157303371,89
BRA,1980	23.335570469798657,149
BRA,1984	24.3248730964467,197
BRA,1988	24.30901287553648,233
BRA,1992	25.10843373493976,249
BRA,1994	31.0,1
BRA,1996	25.330677290836654,251
BRA,1998	25.0,1
BRA,2000	25.008474576271187,236
BRA,2002	26.2,10
BRA,2004	25.330188679245282,318
BRA,2006	27.416666666666668,12
BRA,2008	25.727810650887573,338
BRA,2010	24.857142857142858,7
BRA,2012	27.00980392156863,306
BRA,2014	29.705882352941178,17
BRA,2016	27.193825042881645,583
BRN,1984	21.333333333333332,3
BRN,1988	23.666666666666668,12
BRN,1992	24.866666666666667,15
BRN,1996	34.0,5
BRN,2000	18.75,4
BRN,2004	22.6,10
BRN,2008	24.333333333333332,15
BRN,2012	22.571428571428573,14
BRN,2016	23.424242424242426,33
BRU,1996	23.0,1
BRU,2000	26.5,2
BRU,2004	22.0,1
BRU,2012	18.666666666666668,3
BRU,2016	23.0,3
BUL,1924	23.142857142857142,14
BUL,1928	30.3,10
BUL,1932	39.0,2
BUL,1936	26.666666666666668,96
BUL,1948	24.333333333333332,9
BUL,1952	23.192090395480225,177
BUL,1956	25.53932584269663,89
BUL,1960	25.439393939393938,198
BUL,1964	26.444444444444443,135
BUL,1968	24.507317073170732,205
BUL,1972	23.89075630252101,238
BUL,1976	22.64864864864865,296
BUL,1980	23.065375302663437,413
BUL,1984	23.818181818181817,33
BUL,1988	23.24924924924925,333
BUL,1992	22.600649350649352,308
BUL,1994	23.92105263157895,38
BUL,1996	24.093922651933703,181
BUL,1998	22.647058823529413,34
BUL,2000	25.426666666666666,150
BUL,2002	24.425925925925927,54
BUL,2004	25.42016806722689,119
BUL,2006	26.181818181818183,44
BUL,2008	26.597701149425287,87
BUL,2010	25.951219512195124,41
BUL,2012	26.093333333333334,75
BUL,2014	25.595744680851062,47
BUL,2016	25.82758620689655,58
BUR,1972	27.0,1
BUR,1988	23.833333333333332,6
BUR,1992	25.5,4
BUR,1996	20.4,5
BUR,2000	22.25,4
BUR,2004	28.8,5
BUR,2008	27.5,6
BUR,2012	22.8,5
BUR,2016	22.6,5
CAF,1984	23.333333333333332,3
CAF,1988	25.0,15
CAF,1992	23.523809523809526,21
CAF,1996	25.2,5
CAF,2000	32.666666666666664,3
CAF,2004	26.0,4
CAF,2008	21.333333333333332,3
CAF,2012	23.333333333333332,6
CAF,2016	21.5,6
CAM,1956	27.5,2
CAM,1964	23.454545454545453,11
CAM,1972	23.58823529411765,17
CAM,1996	20.8,5
CAM,2000	23.75,4
CAM,2004	20.25,4
CAM,2008	18.0,4
CAM,2012	22.5,6
CAM,2016	29.5,6
CAN,1900	25.571428571428573,7
CAN,1904	25.91111111111111,45
CAN,1906	25.0,4
CAN,1908	26.712,125
CAN,1912	25.982758620689655,58
CAN,1920	26.470588235294116,68
CAN,1924	26.03370786516854,89
CAN,1928	24.094202898550726,138
CAN,1932	32.81220657276995,213
CAN,1936	24.925742574257427,202
CAN,1948	25.74742268041237,194
CAN,1952	23.864485981308412,214
CAN,1956	23.75,176
CAN,1960	23.525581395348837,215
CAN,1964	24.453287197231834,289
CAN,1968	23.68781725888325,394
CAN,1972	22.679906542056074,428
CAN,1976	22.686520376175547,638
CAN,1980	22.569767441860463,86
CAN,1984	23.482602118003026,661
CAN,1988	23.997109826589597,692
CAN,1992	25.06984126984127,630
CAN,1994	24.299319727891156,147
CAN,1996	26.375,408
CAN,1998	25.844660194174757,206
CAN,2000	25.966824644549764,422
CAN,2002	26.6046511627907,215
CAN,2004	26.207161125319693,391
CAN,2006	25.481967213114753,305
CAN,2008	26.514476614699333,449
CAN,2010	26.386363636363637,308
CAN,2012	26.406779661016948,354
CAN,2014	26.364902506963787,359
CAN,2016	25.985185185185184,405
CAY,1976	24.5,2
CAY,1984	25.0,14
CAY,1988	22.166666666666668,12
CAY,1992	26.636363636363637,11
CAY,1996	30.77777777777778,9
CAY,2000	24.0,4
CAY,2004	21.75,8
CAY,2008	21.833333333333332,6
CAY,2010	22.0,1
CAY,2012	23.285714285714285,7
CAY,2014	26.0,2
CAY,2016	23.2,5
CGO,1964	21.0,2
CGO,1972	21.375,8
CGO,1980	26.6,10
CGO,1984	27.8,10
CGO,1988	24.3,10
CGO,1992	24.3,10
CGO,1996	21.6,5
CGO,2000	22.2,5
CGO,2004	22.0,5
CGO,2008	24.0,5
CGO,2012	26.142857142857142,7
CGO,2016	24.9,10
CHA,1964	21.5,2
CHA,1968	24.5,4
CHA,1972	25.0,5
CHA,1984	28.0,3
CHA,1988	23.0,5
CHA,1992	22.142857142857142,7
CHA,1996	21.5,4
CHA,2000	22.666666666666668,3
CHA,2004	27.0,1
CHA,2008	22.5,2
CHA,2012	18.0,2
CHA,2016	23.5,2
CHI,1912	26.153846153846153,26
CHI,1920	27.0,1
CHI,1924	24.125,8
CHI,1928	25.31578947368421,19
CHI,1936	27.071428571428573,56
CHI,1948	25.338983050847457,59
CHI,1952	26.941176470588236,85
CHI,1956	27.11764705882353,34
CHI,1960	23.142857142857142,21
CHI,1964	25.48148148148148,27
CHI,1968	26.5,36
CHI,1972	27.53846153846154,13
CHI,1976	24.1,20
CHI,1984	25.31578947368421,76
CHI,1988	23.435897435897434,39
CHI,1992	24.962962962962962,27
CHI,1994	25.428571428571427,7
CHI,1996	23.5,24
CHI,1998	23.5,6
CHI,2000	25.93103448275862,58
CHI,2002	22.545454545454547,11
CHI,2004	26.0,29
CHI,2006	23.266666666666666,15
CHI,2008	27.0,29
CHI,2010	21.6,10
CHI,2012	29.84090909090909,44
CHI,2014	23.214285714285715,14
CHI,2016	27.148936170212767,47
CHN,1932	22.0,2
CHN,1936	23.553846153846155,65
CHN,1948	29.75,8
CHN,1952	23.0,1
CHN,1980	21.86842105263158,38
CHN,1984	22.076335877862597,393
CHN,1988	22.380090497737555,442
CHN,1992	22.049145299145298,468
CHN,1994	20.627906976744185,43
CHN,1996	22.1324200913242,438
CHN,1998	21.78409090909091,88
CHN,2000	22.55072463768116,414
CHN,2002	23.02777777777778,108
CHN,2004	22.98069498069498,518
CHN,2006	23.534246575342465,146
CHN,2008	23.92054794520548,730
CHN,2010	23.52755905511811,127
CHN,2012	23.958246346555324,479
CHN,2014	23.577981651376145,109
CHN,2016	23.971943887775552,499
CIV,1964	24.875,8
CIV,1968	26.77777777777778,9
CIV,1972	28.2,10
CIV,1976	20.333333333333332,6
CIV,1984	24.142857142857142,14
CIV,1988	23.137931034482758,29
CIV,1992	23.72222222222222,18
CIV,1996	23.53846153846154,13
CIV,2000	23.61111111111111,18
CIV,2004	24.2,5
CIV,2008	24.136363636363637,22
CIV,2012	23.7,10
CIV,2016	26.066666666666666,15
CMR,1964	22.0,2
CMR,1968	24.8,5
CMR,1972	23.166666666666668,18
CMR,1976	23.75,4
CMR,1980	25.037037037037038,27
CMR,1984	26.102040816326532,49
CMR,1988	23.36842105263158,19
CMR,1992	24.0,12
CMR,1996	24.210526315789473,19
CMR,2000	22.41025641025641,39
CMR,2002	29.0,2
CMR,2004	24.157894736842106,19
CMR,2008	23.25,32
CMR,2012	24.15625,32
CMR,2016	26.636363636363637,22
COD,1968	21.625,8
COD,1984	23.333333333333332,9
COD,1988	23.61904761904762,21
COD,1992	24.526315789473685,19
COD,1996	25.785714285714285,14
COD,2000	24.666666666666668,3
COD,2004	20.833333333333332,6
COD,2008	27.4,5
COD,2012	23.25,4
COD,2016	24.0,4
COK,1988	23.0,8
COK,1992	22.5,2
COK,1996	26.333333333333332,3
COK,2000	24.0,2
COK,2004	26.333333333333332,3
COK,2008	22.0,4
COK,2012	20.11111111111111,9
COK,2016	23.333333333333332,9
COL,1900	30.0,1
COL,1932	42.0,1
COL,1936	24.0,6
COL,1948	24.5,4
COL,1956	28.318181818181817,22
COL,1960	27.130434782608695,23
COL,1964	27.875,40
COL,1968	19.483870967741936,62
COL,1972	23.08,75
COL,1976	23.636363636363637,44
COL,1980	25.0,28
COL,1984	25.1875,48
COL,1988	24.94736842105263,57
COL,1992	24.37704918032787,61
COL,1996	25.838709677419356,62
COL,2000	25.75925925925926,54
COL,2004	25.64788732394366,71
COL,2008	24.92222222222222,90
COL,2010	26.0,2
COL,2012	25.316666666666666,120
COL,2016	25.808917197452228,157
COM,1996	21.0,4
COM,2000	19.5,2
COM,2004	27.666666666666668,3
COM,2008	21.666666666666668,3
COM,2012	21.333333333333332,3
COM,2016	21.75,4
CPV,1996	29.666666666666668,3
CPV,2000	31.5,2
CPV,2004	27.333333333333332,3
CPV,2008	25.5,2
CPV,2012	22.333333333333332,3
CPV,2016	22.6,5
CRC,1936	36.0,1
CRC,1964	36.5,2
CRC,1968	27.74074074074074,27
CRC,1972	31.75,4
CRC,1976	24.0,10
CRC,1980	23.756756756756758,37
CRC,1984	24.794871794871796,39
CRC,1988	22.57894736842105,38
CRC,1992	28.115384615384617,26
CRC,1996	24.846153846153847,13
CRC,2000	25.333333333333332,9
CRC,2002	45.0,2
CRC,2004	24.666666666666668,21
CRC,2006	49.0,1
CRC,2008	24.5,8
CRC,2012	26.181818181818183,11
CRC,2016	27.833333333333332,12
CRO,1992	23.944444444444443,54
CRO,1994	20.727272727272727,11
CRO,1996	24.64957264957265,117
CRO,1998	20.0,13
CRO,2000	24.47222222222222,108
CRO,2002	21.413793103448278,29
CRO,2004	25.9,100
CRO,2006	22.76086956521739,46
CRO,2008	25.904,125
CRO,2010	24.945945945945947,37
CRO,2012	27.135593220338983,118
CRO,2014	24.68,25
CRO,2016	27.043010752688172,93
CUB,1900	16.0,2
CUB,1904	24.833333333333332,6
CUB,1924	39.8,5
CUB,1928	24.0,1
CUB,1948	24.669642857142858,112
CUB,1952	26.12280701754386,57
CUB,1956	24.652173913043477,23
CUB,1960	20.38095238095238,21
CUB,1964	21.69736842105263,76
CUB,1968	21.519823788546255,227
CUB,1972	22.263681592039802,201
CUB,1976	23.54639175257732,194
CUB,1980	23.73263888888889,288
CUB,1992	24.790816326530614,196
CUB,1996	25.679775280898877,178
CUB,2000	26.542435424354245,271
CUB,2004	26.028248587570623,177
CUB,2008	25.60233918128655,171
CUB,2012	25.35593220338983,118
CUB,2016	24.545454545454547,143
CYP,1980	22.428571428571427,21
CYP,1984	25.09090909090909,22
CYP,1988	23.473684210526315,19
CYP,1992	23.333333333333332,30
CYP,1994	23.0,1
CYP,1996	24.041666666666668,24
CYP,1998	26.0,1
CYP,2000	25.208333333333332,24
CYP,2002	24.0,2
CYP,2004	25.19047619047619,21
CYP,2006	28.0,2
CYP,2008	24.5,18
CYP,2010	20.0,4
CYP,2012	25.76923076923077,13
CYP,2014	20.0,2
CYP,2016	24.476190476190474,21
CZE,1994	24.675213675213676,117
CZE,1996	24.85207100591716,169
CZE,1998	24.285714285714285,119
CZE,2000	25.234567901234566,162
CZE,2002	25.20245398773006,163
CZE,2004	26.46783625730994,171
CZE,2006	26.276470588235295,170
CZE,2008	26.056962025316455,158
CZE,2010	26.726744186046513,172
CZE,2012	26.80503144654088,159
CZE,2014	27.29608938547486,179
CZE,2016	26.962962962962962,135
DEN,1896	25.933333333333334,15
DEN,1900	31.25,36
DEN,1906	24.907692307692308,65
DEN,1908	25.5,104
DEN,1912	27.012875536480685,233
DEN,1920	28.827868852459016,244
DEN,1924	30.120253164556964,158
DEN,1928	29.278688524590162,122
DEN,1932	38.319148936170215,94
DEN,1936	25.572254335260116,173
DEN,1948	28.7921568627451,255
DEN,1952	28.237623762376238,202
DEN,1956	30.705882352941178,51
DEN,1960	25.410714285714285,112
DEN,1964	24.276315789473685,76
DEN,1968	26.272727272727273,99
DEN,1972	26.348387096774193,155
DEN,1976	26.814814814814813,81
DEN,1980	26.616666666666667,60
DEN,1984	25.10810810810811,74
DEN,1988	23.83969465648855,131
DEN,1992	24.81528662420382,157
DEN,1994	24.333333333333332,9
DEN,1996	25.786206896551725,145
DEN,1998	26.57894736842105,19
DEN,2000	27.782258064516128,124
DEN,2002	35.18181818181818,11
DEN,2004	27.36521739130435,115
DEN,2006	28.75,4
DEN,2008	26.51851851851852,108
DEN,2010	30.347826086956523,23
DEN,2012	26.892617449664428,149
DEN,2014	28.066666666666666,15
DEN,2016	26.3986013986014,143
DJI,1984	26.0,2
DJI,1988	24.166666666666668,6
DJI,1992	25.857142857142858,7
DJI,1996	32.4,5
DJI,2000	25.0,2
DJI,2008	19.5,2
DJI,2012	19.5,4
DJI,2016	21.875,8
DMA,1996	27.333333333333332,6
DMA,2000	22.25,4
DMA,2004	22.0,2
DMA,2008	25.0,2
DMA,2012	21.5,2
DMA,2014	47.0,1
DMA,2016	25.0,2
DOM,1964	30.0,1
DOM,1968	26.125,24
DOM,1972	29.4,5
DOM,1976	20.818181818181817,11
DOM,1980	21.833333333333332,6
DOM,1984	23.818181818181817,11
DOM,1988	24.833333333333332,18
DOM,1992	22.806451612903224,31
DOM,1996	23.5,16
DOM,2000	23.0,13
DOM,2004	24.424242424242426,33
DOM,2008	25.40740740740741,27
DOM,2012	24.5,36
DOM,2016	25.666666666666668,30
ECU,1924	21.0,2
ECU,1968	21.73170731707317,41
ECU,1972	18.5,4
ECU,1976	21.375,8
ECU,1980	19.846153846153847,13
ECU,1984	28.133333333333333,15
ECU,1988	26.066666666666666,15
ECU,1992	26.0,15
ECU,1996	24.142857142857142,28
ECU,2000	27.727272727272727,11
ECU,2004	27.944444444444443,18
ECU,2008	26.153846153846153,26
ECU,2012	24.97222222222222,36
ECU,2016	27.525,40
EGY,1920	27.75,4
EGY,1924	25.285714285714285,7
EGY,1928	25.846153846153847,13
EGY,1936	24.076923076923077,52
EGY,1948	26.267605633802816,71
EGY,1952	25.593939393939394,165
EGY,1956	30.5,4
EGY,1964	25.373493975903614,83
EGY,1968	25.823529411764707,34
EGY,1972	23.46153846153846,26
EGY,1976	24.692307692307693,26
EGY,1984	24.075862068965517,145
EGY,1988	23.661016949152543,59
EGY,1992	23.759036144578314,83
EGY,1996	24.78787878787879,33
EGY,2000	24.66990291262136,103
EGY,2004	25.01923076923077,104
EGY,2008	24.913793103448278,116
EGY,2012	24.083333333333332,132
EGY,2016	24.532846715328468,137
ERI,2000	21.666666666666668,3
ERI,2004	23.2,5
ERI,2008	25.0,11
ERI,2012	24.166666666666668,12
ERI,2016	26.25,12
ESA,1932	32.0,4
ESA,1968	21.875,104
ESA,1972	30.8,10
ESA,1984	21.933333333333334,15
ESA,1988	23.714285714285715,7
ESA,1992	19.833333333333332,6
ESA,1996	24.7,10
ESA,2000	24.5,10
ESA,2004	23.666666666666668,9
ESA,2008	25.214285714285715,14
ESA,2012	23.272727272727273,11
ESA,2016	22.5,10
ESP,1900	29.9,10
ESP,1920	28.0188679245283,106
ESP,1924	26.03731343283582,134
ESP,1928	26.66304347826087,92
ESP,1932	40.714285714285715,7
ESP,1936	23.666666666666668,6
ESP,1948	28.84090909090909,88
ESP,1952	27.07547169811321,53
ESP,1956	30.166666666666668,30
ESP,1960	24.5,250
ESP,1964	23.531645569620252,79
ESP,1968	23.51219512195122,164
ESP,1972	24.482142857142858,168
ESP,1976	22.970760233918128,171
ESP,1980	22.98230088495575,226
ESP,1984	23.407801418439718,282
ESP,1988	23.661849710982658,346
ESP,1992	24.201030927835053,582
ESP,1994	23.03030303030303,33
ESP,1996	25.065104166666668,384
ESP,1998	24.583333333333332,24
ESP,2000	25.617169373549885,431
ESP,2002	26.9375,16
ESP,2004	25.988179669030732,423
ESP,2006	24.5,28
ESP,2008	26.664788732394367,355
ESP,2010	24.228571428571428,35
ESP,2012	26.492625368731563,339
ESP,2014	25.487179487179485,39
ESP,2016	27.650137741046834,363
EST,1920	25.45,20
EST,1924	23.851063829787233,47
EST,1928	26.17241379310345,29
EST,1932	29.666666666666668,3
EST,1936	26.31111111111111,45
EST,1992	24.0,97
EST,1994	23.71641791044776,67
EST,1996	27.403846153846153,52
EST,1998	24.25,48
EST,2000	27.5609756097561,41
EST,2002	26.058823529411764,51
EST,2004	25.88888888888889,45
EST,2006	25.634920634920636,63
EST,2008	25.0188679245283,53
EST,2010	26.046875,64
EST,2012	27.305555555555557,36
EST,2014	25.060606060606062,66
EST,2016	27.53061224489796,49
ETH,1956	22.055555555555557,18
ETH,1960	26.8,15
ETH,1964	24.63157894736842,19
ETH,1968	26.653846153846153,26
ETH,1972	26.4,40
ETH,1980	25.541666666666668,48
ETH,1992	21.72222222222222,18
ETH,1996	22.94736842105263,19
ETH,2000	22.925925925925927,27
ETH,2004	22.925925925925927,27
ETH,2006	31.0,1
ETH,2008	23.862068965517242,29
ETH,2010	35.0,1
ETH,2012	23.823529411764707,34
ETH,2016	23.42105263157895,38
EUN,1992	24.222996515679444,861
FIJ,1956	21.0,3
FIJ,1960	24.666666666666668,3
FIJ,1968	36.0,1
FIJ,1972	23.5,4
FIJ,1976	24.0,5
FIJ,1984	25.23076923076923,26
FIJ,1988	24.023809523809526,42
FIJ,1992	22.77777777777778,36
FIJ,1994	32.0,1
FIJ,1996	23.80952380952381,21
FIJ,2000	24.555555555555557,9
FIJ,2002	21.0,2
FIJ,2004	26.88888888888889,9
FIJ,2008	30.833333333333332,6
FIJ,2012	25.11111111111111,9
FIJ,2016	24.88679245283019,53
FIN,1906	27.61111111111111,18
FIN,1908	24.49462365591398,93
FIN,1912	27.120171673819744,233
FIN,1920	31.88235294117647,136
FIN,1924	29.04895104895105,286
FIN,1928	24.68553459119497,159
FIN,1932	25.525641025641026,78
FIN,1936	26.37837837837838,222
FIN,1948	30.903846153846153,260
FIN,1952	26.58556701030928,485
FIN,1956	26.798994974874372,199
FIN,1960	25.651877133105803,293
FIN,1964	25.642857142857142,238
FIN,1968	24.990950226244344,221
FIN,1972	26.22685185185185,216
FIN,1976	26.27807486631016,187
FIN,1980	25.666666666666668,210
FIN,1984	25.647058823529413,187
FIN,1988	26.730569948186528,193
FIN,1992	25.102459016393443,244
FIN,1994	25.160714285714285,112
FIN,1996	26.02857142857143,105
FIN,1998	24.977272727272727,132
FIN,2000	26.21590909090909,88
FIN,2002	25.8,165
FIN,2004	27.328358208955223,67
FIN,2006	26.614285714285714,140
FIN,2008	27.34285714285714,70
FIN,2010	26.753424657534246,146
FIN,2012	27.47826086956522,69
FIN,2014	26.346938775510203,147
FIN,2016	26.432835820895523,67
FRA,1896	19.789473684210527,19
FRA,1900	30.633474576271187,472
FRA,1906	33.16279069767442,129
FRA,1908	28.797687861271676,173
FRA,1912	30.882608695652173,230
FRA,1920	31.227138643067846,339
FRA,1924	30.724452554744527,548
FRA,1928	31.192182410423452,307
FRA,1932	36.72435897435897,156
FRA,1936	27.01186943620178,337
FRA,1948	28.437352245862883,423
FRA,1952	26.73777777777778,450
FRA,1956	26.326612903225808,248
FRA,1960	25.56937799043062,418
FRA,1964	24.446969696969695,264
FRA,1968	24.05128205128205,429
FRA,1972	24.26179245283019,424
FRA,1976	24.47091412742382,361
FRA,1980	23.524590163934427,244
FRA,1984	24.369829683698295,411
FRA,1988	24.499051233396585,527
FRA,1992	25.12686567164179,670
FRA,1994	24.733727810650887,169
FRA,1996	25.32450331125828,453
FRA,1998	25.339622641509433,159
FRA,2000	26.014893617021276,470
FRA,2002	25.90340909090909,176
FRA,2004	26.15835140997831,461
FRA,2006	26.28301886792453,159
FRA,2008	26.368303571428573,448
FRA,2010	25.98469387755102,196
FRA,2012	26.62676056338028,426
FRA,2014	25.766169154228855,201
FRA,2016	27.107421875,512
FRG,1968	24.885764499121265,569
FRG,1972	24.526093088857547,709
FRG,1976	24.353680430879713,557
FRG,1980	23.440677966101696,118
FRG,1984	23.898697539797396,691
FRG,1988	24.77645305514158,671
FSM,2000	22.0,5
FSM,2004	22.6,5
FSM,2008	22.6,5
FSM,2012	27.5,6
FSM,2016	23.8,5
GAB,1972	33.0,1
GAB,1984	21.25,4
GAB,1988	21.5,2
GAB,1992	23.8,5
GAB,1996	27.11111111111111,9
GAB,2000	27.5,6
GAB,2004	24.0,5
GAB,2008	25.5,4
GAB,2012	21.857142857142858,21
GAB,2016	26.5,6
GAM,1984	25.0,14
GAM,1988	23.5,4
GAM,1992	23.625,8
GAM,1996	22.833333333333332,12
GAM,2000	22.0,2
GAM,2004	22.0,3
GAM,2008	21.333333333333332,3
GAM,2012	22.0,2
GAM,2016	21.25,4
GBR,1896	26.526315789473685,19
GBR,1900	29.504504504504503,111
GBR,1904	28.0,6
GBR,1906	28.54639175257732,97
GBR,1908	30.055141579731742,671
GBR,1912	29.478935698447895,451
GBR,1920	30.387900355871885,281
GBR,1924	29.85217391304348,345
GBR,1928	31.892508143322477,307
GBR,1932	33.69277108433735,166
GBR,1936	25.46551724137931,290
GBR,1948	34.33678756476684,579
GBR,1952	25.672018348623855,436
GBR,1956	26.196581196581196,351
GBR,1960	25.39485981308411,428
GBR,1964	24.811475409836067,366
GBR,1968	24.622448979591837,392
GBR,1972	24.265873015873016,504
GBR,1976	24.148936170212767,423
GBR,1980	23.143920595533498,403
GBR,1984	24.549488054607508,586
GBR,1988	25.434628975265017,566
GBR,1992	25.703826955074874,601
GBR,1994	26.352941176470587,51
GBR,1996	26.74102564102564,390
GBR,1998	27.644444444444446,45
GBR,2000	26.40963855421687,415
GBR,2002	27.542857142857144,70
GBR,2004	26.3,360
GBR,2006	26.85185185185185,54
GBR,2008	25.321428571428573,420
GBR,2010	26.32051282051282,78
GBR,2012	25.941520467836256,684
GBR,2014	26.012820512820515,78
GBR,2016	26.684100418410043,478
GBS,1996	26.333333333333332,3
GBS,2000	26.333333333333332,3
GBS,2004	25.0,3
GBS,2008	23.666666666666668,3
GBS,2012	25.75,4
GBS,2016	27.0,5
GDR,1968	24.533642691415313,431
GDR,1972	23.338432122370936,523
GDR,1976	22.192460317460316,504
GDR,1980	22.675257731958762,582
GDR,1984	22.733333333333334,105
GDR,1988	23.242,500
GEO,1994	22.714285714285715,7
GEO,1996	25.38095238095238,42
GEO,1998	24.833333333333332,6
GEO,2000	25.404255319148938,47
GEO,2002	24.666666666666668,6
GEO,2004	25.435897435897434,39
GEO,2006	19.0,4
GEO,2008	26.210526315789473,38
GEO,2010	18.11111111111111,9
GEO,2012	25.63888888888889,36
GEO,2014	22.571428571428573,7
GEO,2016	26.8,45
GEQ,1984	19.2,5
GEQ,1988	22.285714285714285,7
GEQ,1992	21.375,8
GEQ,1996	25.25,8
GEQ,2000	21.5,4
GEQ,2004	20.5,2
GEQ,2008	28.666666666666668,3
GEQ,2012	26.0,2
GEQ,2016	27.0,1
GER,1896	24.261904761904763,84
GER,1900	23.86111111111111,72
GER,1904	24.232558139534884,43
GER,1906	26.189655172413794,116
GER,1908	25.212389380530972,113
GER,1912	26.02317880794702,302
GER,1928	32.31294117647059,425
GER,1932	32.83710407239819,221
GER,1936	30.004665629860032,643
GER,1952	28.32126696832579,442
GER,1956	26.729344729344728,351
GER,1960	24.1607476635514,535
GER,1964	24.762057877813504,622
GER,1992	24.6903073286052,846
GER,1994	25.130434782608695,184
GER,1996	26.376996805111823,626
GER,1998	25.930875576036865,217
GER,2000	26.86596119929453,567
GER,2002	26.2007722007722,259
GER,2004	26.91385135135135,592
GER,2006	27.376425855513308,263
GER,2008	26.799283154121863,558
GER,2010	27.598455598455597,259
GER,2012	26.598039215686274,510
GER,2014	26.881918819188193,271
GER,2016	26.541044776119403,536
GHA,1952	25.22222222222222,9
GHA,1960	21.857142857142858,14
GHA,1964	24.725,40
GHA,1968	25.97222222222222,36
GHA,1972	26.513513513513512,37
GHA,1984	23.0,27
GHA,1988	20.80952380952381,21
GHA,1992	21.51219512195122,41
GHA,1996	22.025,40
GHA,2000	23.25,28
GHA,2004	23.482758620689655,29
GHA,2008	23.444444444444443,9
GHA,2010	35.0,1
GHA,2012	22.714285714285715,7
GHA,2016	22.866666666666667,15
GRE,1896	21.235294117647058,17
GRE,1900	25.0,1
GRE,1904	24.0,3
GRE,1906	30.271186440677965,59
GRE,1908	27.571428571428573,21
GRE,1912	38.16,50
GRE,1920	28.88888888888889,9
GRE,1924	32.31818181818182,22
GRE,1928	21.85,20
GRE,1932	23.77777777777778,9
GRE,1936	23.31578947368421,19
GRE,1948	28.916666666666668,36
GRE,1952	26.914285714285715,35
GRE,1956	29.1875,16
GRE,1960	25.5,50
GRE,1964	26.384615384615383,26
GRE,1968	25.833333333333332,42
GRE,1972	23.985915492957748,71
GRE,1976	25.32,50
GRE,1980	23.07843137254902,51
GRE,1984	23.767441860465116,86
GRE,1988	22.95294117647059,85
GRE,1992	24.08823529411765,102
GRE,1994	25.733333333333334,15
GRE,1996	22.305555555555557,180
GRE,1998	26.5625,16
GRE,2000	24.434285714285714,175
GRE,2002	25.352941176470587,17
GRE,2004	25.559118236472944,499
GRE,2006	26.5,8
GRE,2008	26.005681818181817,176
GRE,2010	27.666666666666668,12
GRE,2012	26.48695652173913,115
GRE,2014	23.923076923076923,13
GRE,2016	25.778846153846153,104
GRN,1984	20.333333333333332,3
GRN,1988	24.166666666666668,6
GRN,1992	21.0,5
GRN,1996	20.0,5
GRN,2000	19.333333333333332,3
GRN,2004	22.8,5
GRN,2008	24.77777777777778,9
GRN,2012	25.125,8
GRN,2016	22.5,6
GUA,1932	27.0,1
GUA,1952	26.264705882352942,34
GUA,1968	25.46153846153846,65
GUA,1972	26.90909090909091,11
GUA,1976	24.964285714285715,28
GUA,1980	28.3,10
GUA,1984	19.735849056603772,53
GUA,1988	24.403846153846153,52
GUA,1992	18.51219512195122,41
GUA,1996	24.785714285714285,28
GUA,2000	25.61111111111111,18
GUA,2004	26.68421052631579,19
GUA,2008	27.53846153846154,13
GUA,2012	23.916666666666668,24
GUA,2016	24.88,25
GUI,1968	23.0,1
GUI,1980	26.666666666666668,6
GUI,1984	33.0,1
GUI,1988	19.0,2
GUI,1992	25.0,10
GUI,1996	21.0,5
GUI,2000	23.5,6
GUI,2004	23.0,4
GUI,2008	23.2,5
GUI,2012	22.5,4
GUI,2016	19.8,5
GUM,1988	24.48,25
GUM,1992	23.6,45
GUM,1996	24.666666666666668,9
GUM,2000	27.714285714285715,7
GUM,2004	25.25,4
GUM,2008	21.428571428571427,7
GUM,2012	23.625,8
GUM,2016	24.0,5
GUY,1948	27.0,1
GUY,1952	22.0,1
GUY,1956	17.0,2
GUY,1960	22.333333333333332,6
GUY,1964	27.0,1
GUY,1968	22.833333333333332,6
GUY,1972	22.75,4
GUY,1980	24.1,10
GUY,1984	24.416666666666668,12
GUY,1988	25.0,8
GUY,1992	24.857142857142858,7
GUY,1996	22.77777777777778,9
GUY,2000	23.75,4
GUY,2004	24.75,4
GUY,2008	25.0,4
GUY,2012	23.333333333333332,6
GUY,2016	21.714285714285715,7
HAI,1900	22.0,1
HAI,1924	20.5,4
HAI,1928	23.666666666666668,3
HAI,1932	29.0,2
HAI,1960	27.0,1
HAI,1972	21.571428571428573,7
HAI,1976	24.714285714285715,14
HAI,1984	26.0,3
HAI,1988	26.8,5
HAI,1992	28.142857142857142,7
HAI,1996	24.142857142857142,7
HAI,2000	23.8,5
HAI,2004	25.875,8
HAI,2008	27.0,7
HAI,2012	24.8,5
HAI,2016	25.2,10
HKG,1952	20.666666666666668,9
HKG,1956	24.0,2
HKG,1960	37.25,4
HKG,1964	27.92,50
HKG,1968	25.48,25
HKG,1972	25.27777777777778,18
HKG,1976	26.3,50
HKG,1984	23.735632183908045,87
HKG,1988	23.47252747252747,91
HKG,1992	22.484848484848484,66
HKG,1996	27.25,32
HKG,2000	21.891304347826086,46
HKG,2002	17.6,5
HKG,2004	23.30952380952381,42
HKG,2006	23.0,3
HKG,2008	25.70212765957447,47
HKG,2010	27.0,3
HKG,2012	24.70909090909091,55
HKG,2014	20.0,1
HKG,2016	25.148936170212767,47
HON,1968	20.166666666666668,6
HON,1976	22.0,3
HON,1984	23.285714285714285,7
HON,1988	19.055555555555557,18
HON,1992	22.4,30
HON,1996	24.285714285714285,7
HON,2000	22.4,20
HON,2004	22.8,5
HON,2008	22.807692307692307,26
HON,2012	22.32,25
HON,2016	23.47826086956522,23
HUN,1896	22.642857142857142,14
HUN,1900	20.153846153846153,26
HUN,1904	21.555555555555557,9
HUN,1906	22.015873015873016,63
HUN,1908	22.98936170212766,94
HUN,1912	25.475490196078432,204
HUN,1924	28.747967479674795,123
HUN,1928	30.55924170616114,211
HUN,1932	33.26724137931034,116
HUN,1936	25.691460055096417,363
HUN,1948	27.964285714285715,252
HUN,1952	26.84090909090909,352
HUN,1956	26.752525252525253,198
HUN,1960	24.924050632911392,316
HUN,1964	24.41551246537396,361
HUN,1968	24.333333333333332,324
HUN,1972	24.372282608695652,368
HUN,1976	23.711340206185568,291
HUN,1980	24.053299492385786,394
HUN,1984	21.0625,16
HUN,1988	23.72360248447205,322
HUN,1992	23.82324455205811,413
HUN,1994	21.428571428571427,28
HUN,1996	24.374603174603173,315
HUN,1998	22.958333333333332,24
HUN,2000	25.57563025210084,238
HUN,2002	24.304347826086957,46
HUN,2004	25.98062015503876,258
HUN,2006	24.59375,32
HUN,2008	25.675925925925927,216
HUN,2010	23.78125,32
HUN,2012	25.681592039800996,201
HUN,2014	24.7027027027027,37
HUN,2016	26.774509803921568,204
INA,1952	25.0,3
INA,1956	25.7,10
INA,1960	26.074074074074073,27
INA,1968	33.5,6
INA,1972	24.714285714285715,7
INA,1976	23.545454545454547,11
INA,1984	23.82608695652174,23
INA,1988	21.88372093023256,43
INA,1992	23.529411764705884,51
INA,1996	24.488888888888887,45
INA,2000	24.444444444444443,54
INA,2004	24.384615384615383,39
INA,2008	25.0,26
INA,2012	23.5,22
INA,2016	24.548387096774192,31
IND,1900	24.0,5
IND,1924	28.666666666666668,18
IND,1928	24.533333333333335,15
IND,1932	23.555555555555557,18
IND,1936	25.862068965517242,29
IND,1948	24.81081081081081,37
IND,1952	26.71604938271605,81
IND,1956	26.5,38
IND,1960	26.73469387755102,49
IND,1964	25.6875,112
IND,1968	26.433333333333334,30
IND,1972	26.047619047619047,42
IND,1976	26.666666666666668,24
IND,1980	25.506666666666668,75
IND,1984	24.90566037735849,53
IND,1988	24.0,58
IND,1992	24.184615384615384,65
IND,1996	24.62962962962963,54
IND,1998	16.0,1
IND,2000	25.4,70
IND,2002	20.0,1
IND,2004	24.728395061728396,81
IND,2006	25.2,5
IND,2008	25.402985074626866,67
IND,2010	25.666666666666668,3
IND,2012	25.957894736842107,95
IND,2014	25.0,2
IND,2016	26.1,130
IOA,1992	23.842105263157894,76
IOA,2000	26.5,4
IOA,2012	24.75,4
IOA,2014	32.0,1
IOA,2016	34.22222222222222,9
IRI,1948	22.3,10
IRI,1952	23.52173913043478,23
IRI,1956	27.076923076923077,13
IRI,1960	26.916666666666668,24
IRI,1964	26.523809523809526,105
IRI,1968	26.75,20
IRI,1972	25.49230769230769,65
IRI,1976	25.514018691588785,107
IRI,1988	22.807692307692307,26
IRI,1992	25.454545454545453,44
IRI,1996	24.27777777777778,18
IRI,1998	23.0,1
IRI,2000	24.38235294117647,34
IRI,2002	24.5,2
IRI,2004	24.64864864864865,37
IRI,2006	35.0,3
IRI,2008	25.072727272727274,55
IRI,2010	22.285714285714285,7
IRI,2012	25.42105263157895,57
IRI,2014	25.428571428571427,7
IRI,2016	26.761194029850746,67
IRL,1924	33.19444444444444,36
IRL,1928	31.23076923076923,26
IRL,1932	32.583333333333336,12
IRL,1948	33.8125,32
IRL,1952	27.92,25
IRL,1956	27.95,20
IRL,1960	28.22222222222222,63
IRL,1964	28.457142857142856,35
IRL,1968	25.228070175438596,57
IRL,1972	26.5,84
IRL,1976	24.52542372881356,59
IRL,1980	24.80701754385965,57
IRL,1984	24.692307692307693,52
IRL,1988	25.743589743589745,78
IRL,1992	27.419753086419753,81
IRL,1996	27.444444444444443,99
IRL,1998	29.5,10
IRL,2000	26.894736842105264,76
IRL,2002	29.555555555555557,9
IRL,2004	29.0,55
IRL,2006	25.8,5
IRL,2008	27.253968253968253,63
IRL,2010	26.714285714285715,7
IRL,2012	28.526315789473685,76
IRL,2014	19.75,8
IRL,2016	28.365591397849464,93
IRQ,1960	22.0,8
IRQ,1964	25.31578947368421,19
IRQ,1968	26.0,4
IRQ,1980	24.434782608695652,23
IRQ,1984	24.272727272727273,11
IRQ,1988	25.454545454545453,22
IRQ,1992	26.25,8
IRQ,1996	30.333333333333332,3
IRQ,2000	24.5,4
IRQ,2004	23.0,24
IRQ,2008	26.5,4
IRQ,2012	22.5,8
IRQ,2016	22.7,20
ISL,1908	24.0,1
ISL,1912	23.0,2
ISL,1936	23.307692307692307,13
ISL,1948	22.314285714285713,35
ISL,1952	23.5,42
ISL,1956	25.0625,16
ISL,1960	23.857142857142858,21
ISL,1964	23.333333333333332,15
ISL,1968	24.75,24
ISL,1972	23.6,30
ISL,1976	21.789473684210527,38
ISL,1980	22.833333333333332,24
ISL,1984	22.68888888888889,45
ISL,1988	24.3125,48
ISL,1992	25.956521739130434,46
ISL,1994	22.357142857142858,14
ISL,1996	21.8,15
ISL,1998	22.833333333333332,12
ISL,2000	22.517241379310345,29
ISL,2002	21.916666666666668,12
ISL,2004	26.0,34
ISL,2006	23.75,12
ISL,2008	25.225806451612904,31
ISL,2010	23.285714285714285,7
ISL,2012	26.083333333333332,36
ISL,2014	21.09090909090909,11
ISL,2016	23.928571428571427,14
ISR,1952	24.29032258064516,31
ISR,1956	23.666666666666668,3
ISR,1960	21.29268292682927,41
ISR,1964	25.23076923076923,13
ISR,1968	23.487179487179485,39
ISR,1972	27.705882352941178,17
ISR,1976	24.294117647058822,34
ISR,1984	21.892307692307693,65
ISR,1988	22.517241379310345,29
ISR,1992	23.477272727272727,44
ISR,1994	24.0,1
ISR,1996	26.63157894736842,38
ISR,1998	24.333333333333332,3
ISR,2000	24.17241379310345,58
ISR,2002	26.142857142857142,7
ISR,2004	25.91304347826087,46
ISR,2006	25.833333333333332,6
ISR,2008	24.6,60
ISR,2010	27.5,4
ISR,2012	24.464285714285715,56
ISR,2014	23.166666666666668,6
ISR,2016	25.033898305084747,59
ISV,1968	32.75,4
ISV,1972	32.3125,16
ISV,1976	26.56,25
ISV,1984	24.826923076923077,52
ISV,1988	26.30188679245283,53
ISV,1992	29.547169811320753,53
ISV,1994	24.6,10
ISV,1996	26.142857142857142,14
ISV,1998	27.22222222222222,9
ISV,2000	30.916666666666668,12
ISV,2002	32.5,8
ISV,2004	27.11111111111111,9
ISV,2008	26.125,8
ISV,2012	24.0,9
ISV,2014	22.0,2
ISV,2016	27.285714285714285,7
ITA,1900	27.642857142857142,14
ITA,1904	29.0,1
ITA,1906	21.97142857142857,35
ITA,1908	23.011904761904763,84
ITA,1912	23.096385542168676,83
ITA,1920	27.202898550724637,207
ITA,1924	28.43233082706767,266
ITA,1928	27.736842105263158,247
ITA,1932	26.993939393939392,165
ITA,1936	28.093994778067884,383
ITA,1948	30.13351498637602,367
ITA,1952	25.745882352941177,425
ITA,1956	24.917241379310344,290
ITA,1960	24.22608695652174,460
ITA,1964	25.117478510028654,349
ITA,1968	25.697406340057636,347
ITA,1972	24.007246376811594,414
ITA,1976	23.891625615763548,406
ITA,1980	23.747292418772563,277
ITA,1984	23.96701030927835,485
ITA,1988	24.23382045929019,479
ITA,1992	25.031096563011456,611
ITA,1994	25.4559585492228,193
ITA,1996	26.184782608695652,460
ITA,1998	26.83240223463687,179
ITA,2000	26.00656455142232,457
ITA,2002	26.42929292929293,198
ITA,2004	26.147679324894515,474
ITA,2006	26.72758620689655,290
ITA,2008	26.81917211328976,459
ITA,2010	27.091346153846153,208
ITA,2012	27.138743455497384,382
ITA,2014	26.17180616740088,227
ITA,2016	26.839598997493734,399
IVB,1984	28.4,15
IVB,1988	24.25,4
IVB,1992	35.0,4
IVB,1996	22.636363636363637,11
IVB,2000	25.0,1
IVB,2004	27.0,1
IVB,2008	25.0,2
IVB,2012	24.0,2
IVB,2014	21.0,1
IVB,2016	24.0,4
JAM,1948	23.761904761904763,21
JAM,1952	26.6875,16
JAM,1956	21.53846153846154,13
JAM,1964	24.09375,32
JAM,1968	23.485714285714284,35
JAM,1972	21.11764705882353,51
JAM,1976	22.944444444444443,36
JAM,1980	22.78125,32
JAM,1984	21.616438356164384,73
JAM,1988	23.98181818181818,55
JAM,1992	24.610169491525422,59
JAM,1994	28.666666666666668,6
JAM,1996	25.594202898550726,69
JAM,1998	33.166666666666664,6
JAM,2000	26.107692307692307,65
JAM,2002	30.5,2
JAM,2004	24.661290322580644,62
JAM,2008	25.636363636363637,66
JAM,2010	23.0,1
JAM,2012	26.112903225806452,62
JAM,2014	38.0,2
JAM,2016	25.01298701298701,77
JOR,1980	36.666666666666664,6
JOR,1984	26.214285714285715,14
JOR,1988	22.444444444444443,9
JOR,1992	23.6,5
JOR,1996	20.4,5
JOR,2000	24.125,8
JOR,2004	21.5,8
JOR,2008	20.428571428571427,7
JOR,2012	24.666666666666668,9
JOR,2016	23.875,8
JPN,1912	24.5,4
JPN,1920	24.692307692307693,26
JPN,1924	22.714285714285715,35
JPN,1928	23.725490196078432,51
JPN,1932	25.049180327868854,183
JPN,1936	25.276470588235295,340
JPN,1952	23.132911392405063,158
JPN,1956	24.187234042553193,235
JPN,1960	23.507122507122507,351
JPN,1964	24.188539741219962,541
JPN,1968	23.53125,384
JPN,1972	24.105386416861826,427
JPN,1976	24.397590361445783,415
JPN,1980	24.65,80
JPN,1984	23.422727272727272,440
JPN,1988	23.712380952380954,525
JPN,1992	23.479166666666668,528
JPN,1994	23.528,125
JPN,1996	23.388392857142858,448
JPN,1998	24.612244897959183,245
JPN,2000	25.049586776859503,363
JPN,2002	25.896551724137932,203
JPN,2004	25.695652173913043,414
JPN,2006	26.51578947368421,190
JPN,2008	25.551422319474835,457
JPN,2010	25.758169934640524,153
JPN,2012	25.12280701754386,399
JPN,2014	25.98830409356725,171
JPN,2016	25.408256880733944,436
KAZ,1994	23.338028169014084,71
KAZ,1996	24.640845070422536,142
KAZ,1998	24.964912280701753,114
KAZ,2000	26.61392405063291,158
KAZ,2002	25.336633663366335,101
KAZ,2004	26.4,130
KAZ,2006	25.04123711340206,97
KAZ,2008	25.65068493150685,146
KAZ,2010	24.45,100
KAZ,2012	25.96212121212121,132
KAZ,2014	25.217391304347824,115
KAZ,2016	25.739837398373982,123
KEN,1956	26.647058823529413,17
KEN,1960	26.40740740740741,27
KEN,1964	26.181818181818183,33
KEN,1968	24.52173913043478,46
KEN,1972	25.794117647058822,68
KEN,1984	25.25,64
KEN,1988	25.872093023255815,86
KEN,1992	26.77358490566038,53
KEN,1996	26.055555555555557,54
KEN,1998	26.0,1
KEN,2000	25.10169491525424,59
KEN,2002	30.0,2
KEN,2004	25.108695652173914,46
KEN,2006	34.0,1
KEN,2008	24.361702127659573,47
KEN,2012	24.627450980392158,51
KEN,2016	26.5625,80
KGZ,1994	17.0,2
KGZ,1996	22.566037735849058,53
KGZ,1998	32.0,2
KGZ,2000	24.859154929577464,71
KGZ,2002	31.0,4
KGZ,2004	25.15625,32
KGZ,2006	26.0,2
KGZ,2008	24.863636363636363,22
KGZ,2010	26.666666666666668,3
KGZ,2012	22.866666666666667,15
KGZ,2014	19.0,2
KGZ,2016	24.736842105263158,19
KIR,2004	19.0,3
KIR,2008	23.5,2
KIR,2012	21.333333333333332,3
KIR,2016	23.333333333333332,3
KOR,1948	27.225806451612904,31
KOR,1952	26.263157894736842,19
KOR,1956	25.620689655172413,29
KOR,1960	23.114754098360656,61
KOR,1964	23.40234375,256
KOR,1968	23.08974358974359,78
KOR,1972	22.796296296296298,54
KOR,1976	23.266666666666666,60
KOR,1980	19.791666666666668,24
KOR,1984	21.413669064748202,278
KOR,1988	21.5831960461285,607
KOR,1992	21.517150395778366,379
KOR,1994	19.644444444444446,45
KOR,1996	22.54916067146283,417
KOR,1998	19.78481012658228,79
KOR,2000	24.119777158774372,359
KOR,2002	20.42528735632184,87
KOR,2004	24.183139534883722,344
KOR,2006	21.564705882352943,85
KOR,2008	24.9209726443769,329
KOR,2010	22.5,84
KOR,2012	25.471153846153847,312
KOR,2014	23.56923076923077,130
KOR,2016	25.64638783269962,263
KOS,2016	23.875,8
KSA,1972	23.571428571428573,14
KSA,1976	22.894736842105264,19
KSA,1984	20.875,24
KSA,1988	23.833333333333332,12
KSA,1992	23.176470588235293,17
KSA,1996	22.852941176470587,34
KSA,2000	23.869565217391305,23
KSA,2004	26.25,16
KSA,2008	27.555555555555557,18
KSA,2012	30.130434782608695,23
KSA,2016	26.272727272727273,11
KUW,1972	20.75,4
KUW,1976	20.764705882352942,17
KUW,1980	20.416666666666668,48
KUW,1984	20.84,25
KUW,1988	21.484848484848484,33
KUW,1992	21.88888888888889,36
KUW,1996	25.40740740740741,27
KUW,2000	23.7,30
KUW,2004	25.363636363636363,11
KUW,2008	26.125,8
KUW,2012	30.0,12
LAO,1980	21.57894736842105,19
LAO,1988	22.333333333333332,3
LAO,1992	25.428571428571427,7
LAO,1996	22.4,5
LAO,2000	23.0,3
LAO,2004	20.8,5
LAO,2008	19.0,4
LAO,2012	18.0,3
LAO,2016	19.0,5
LAT,1924	25.6046511627907,43
LAT,1928	35.88235294117647,17
LAT,1932	58.2,10
LAT,1936	26.833333333333332,66
LAT,1992	24.435897435897434,78
LAT,1994	25.523809523809526,42
LAT,1996	25.963636363636365,55
LAT,1998	25.285714285714285,49
LAT,2000	26.016666666666666,60
LAT,2002	28.5,68
LAT,2004	26.42222222222222,45
LAT,2006	26.380434782608695,92
LAT,2008	26.07547169811321,53
LAT,2010	25.925925925925927,81
LAT,2012	26.34,50
LAT,2014	26.0,82
LAT,2016	26.606060606060606,33
LBA,1988	25.6,5
LBA,1992	25.5,4
LBA,1996	23.4,5
LBA,2000	25.666666666666668,3
LBA,2004	20.75,8
LBA,2008	22.333333333333332,6
LBA,2012	25.75,4
LBA,2016	22.857142857142858,7
LBR,1956	18.333333333333332,9
LBR,1960	22.333333333333332,6
LBR,1964	20.0,2
LBR,1972	23.6,5
LBR,1984	21.0,10
LBR,1988	23.545454545454547,11
LBR,1996	22.571428571428573,7
LBR,2000	24.9,10
LBR,2004	23.0,2
LBR,2008	27.75,4
LBR,2012	27.333333333333332,3
LBR,2016	24.0,3
LCA,1996	23.75,8
LCA,2000	22.2,5
LCA,2004	22.5,2
LCA,2008	24.5,4
LCA,2012	26.25,4
LCA,2016	24.2,5
LES,1972	27.0,2
LES,1980	26.714285714285715,7
LES,1984	29.2,5
LES,1988	23.333333333333332,6
LES,1992	21.375,8
LES,1996	23.636363636363637,11
LES,2000	24.166666666666668,6
LES,2004	23.0,3
LES,2008	28.8,5
LES,2012	24.0,4
LES,2016	25.77777777777778,9
LIB,1948	23.333333333333332,3
LIB,1952	25.428571428571427,7
LIB,1956	31.0,3
LIB,1960	29.615384615384617,26
LIB,1964	28.636363636363637,11
LIB,1968	25.41176470588235,17
LIB,1972	24.44736842105263,38
LIB,1976	21.0,4
LIB,1980	23.166666666666668,12
LIB,1984	25.107142857142858,28
LIB,1988	21.9,40
LIB,1992	22.73076923076923,26
LIB,1996	29.0,1
LIB,2000	22.833333333333332,6
LIB,2002	18.333333333333332,3
LIB,2004	23.0,5
LIB,2006	25.142857142857142,7
LIB,2008	24.666666666666668,6
LIB,2010	20.833333333333332,6
LIB,2012	21.8,10
LIB,2014	19.333333333333332,3
LIB,2016	26.444444444444443,9
LIE,1936	26.583333333333332,12
LIE,1948	23.235294117647058,17
LIE,1952	19.0,2
LIE,1956	25.0,14
LIE,1960	25.470588235294116,17
LIE,1964	19.333333333333332,15
LIE,1968	20.55,20
LIE,1972	22.59090909090909,22
LIE,1976	20.137931034482758,29
LIE,1980	20.823529411764707,17
LIE,1984	22.88888888888889,27
LIE,1988	23.46153846153846,52
LIE,1992	22.73076923076923,26
LIE,1994	21.8,25
LIE,1996	29.0,2
LIE,1998	24.105263157894736,19
LIE,2000	21.5,2
LIE,2002	28.444444444444443,18
LIE,2004	25.0,1
LIE,2006	26.916666666666668,12
LIE,2008	31.5,2
LIE,2010	31.8,5
LIE,2012	24.5,4
LIE,2014	22.2,5
LIE,2016	24.0,3
LTU,1924	22.77777777777778,9
LTU,1928	25.4,10
LTU,1992	25.52238805970149,67
LTU,1994	26.384615384615383,13
LTU,1996	25.358024691358025,81
LTU,1998	27.055555555555557,18
LTU,2000	25.2987012987013,77
LTU,2002	24.047619047619047,21
LTU,2004	25.82857142857143,70
LTU,2006	22.714285714285715,14
LTU,2008	26.153846153846153,78
LTU,2010	23.76923076923077,13
LTU,2012	26.194444444444443,72
LTU,2014	22.0,20
LTU,2016	26.3125,80
LUX,1900	22.0,1
LUX,1912	24.295454545454547,44
LUX,1920	23.3125,32
LUX,1924	24.074766355140188,107
LUX,1928	25.756756756756758,111
LUX,1932	43.54545454545455,11
LUX,1936	27.746268656716417,134
LUX,1948	25.921739130434784,115
LUX,1952	26.11881188118812,101
LUX,1956	27.555555555555557,27
LUX,1960	26.581196581196583,117
LUX,1964	27.51851851851852,27
LUX,1968	28.0,7
LUX,1972	29.733333333333334,15
LUX,1976	28.22222222222222,9
LUX,1980	30.0,4
LUX,1984	35.2,5
LUX,1988	25.285714285714285,14
LUX,1992	29.923076923076923,13
LUX,1994	30.0,5
LUX,1996	33.42857142857143,7
LUX,1998	23.0,1
LUX,2000	26.666666666666668,9
LUX,2004	23.714285714285715,14
LUX,2006	17.0,1
LUX,2008	25.263157894736842,19
LUX,2012	27.363636363636363,11
LUX,2014	28.0,1
LUX,2016	27.733333333333334,15
MAD,1964	23.75,4
MAD,1968	25.333333333333332,6
MAD,1972	25.615384615384617,13
MAD,1980	19.11764705882353,17
MAD,1984	23.8,5
MAD,1992	22.352941176470587,17
MAD,1996	23.214285714285715,14
MAD,2000	25.76923076923077,13
MAD,2004	26.0,8
MAD,2006	19.0,2
MAD,2008	25.833333333333332,6
MAD,2012	24.714285714285715,7
MAD,2016	26.833333333333332,6
MAL,1956	23.727272727272727,11
MAL,1960	22.454545454545453,11
MAR,1960	30.048780487804876,41
MAR,1964	23.8,5
MAR,1968	24.125,16
MAR,1972	23.8,20
MAR,1976	25.25,8
MAR,1984	24.548387096774192,31
MAR,1988	24.185185185185187,27
MAR,1992	24.223880597014926,67
MAR,1996	25.473684210526315,38
MAR,2000	24.636363636363637,55
MAR,2004	25.49122807017544,57
MAR,2008	26.897959183673468,49
MAR,2010	32.0,2
MAR,2012	25.73134328358209,67
MAR,2014	18.0,4
MAR,2016	26.48076923076923,52
MAS,1964	24.164556962025316,79
MAS,1968	24.571428571428573,35
MAS,1972	23.719298245614034,57
MAS,1976	25.2,25
MAS,1984	23.555555555555557,27
MAS,1988	20.88235294117647,17
MAS,1992	25.1,30
MAS,1996	22.72093023255814,43
MAS,2000	22.236363636363638,55
MAS,2004	22.842105263157894,38
MAS,2008	23.333333333333332,42
MAS,2012	23.210526315789473,38
MAS,2016	24.023809523809526,42
MAW,1972	22.333333333333332,18
MAW,1984	25.91304347826087,23
MAW,1988	26.772727272727273,22
MAW,1992	21.5,4
MAW,1996	26.5,2
MAW,2000	21.0,2
MAW,2004	20.5,4
MAW,2008	19.0,4
MAW,2012	23.0,3
MAW,2016	21.6,5
MDA,1994	20.5,4
MDA,1996	24.74,50
MDA,1998	27.0,4
MDA,2000	24.685714285714287,35
MDA,2002	26.22222222222222,9
MDA,2004	25.87878787878788,33
MDA,2006	27.0,10
MDA,2008	27.133333333333333,30
MDA,2010	26.272727272727273,11
MDA,2012	24.25,20
MDA,2014	26.6,5
MDA,2016	26.304347826086957,23
MDV,1988	19.88888888888889,9
MDV,1992	22.5,10
MDV,1996	22.444444444444443,9
MDV,2000	18.25,4
MDV,2004	20.25,4
MDV,2008	20.25,4
MDV,2012	19.4,5
MDV,2016	21.75,4
MEX,1900	41.333333333333336,3
MEX,1924	23.333333333333332,3
MEX,1928	33.16129032258065,31
MEX,1932	26.023255813953487,43
MEX,1936	26.21875,32
MEX,1948	28.653333333333332,75
MEX,1952	26.063291139240505,79
MEX,1956	26.375,24
MEX,1960	24.472727272727273,110
MEX,1964	25.890625,128
MEX,1968	22.486486486486488,444
MEX,1972	22.565836298932386,281
MEX,1976	23.912408759124087,137
MEX,1980	24.43243243243243,74
MEX,1984	23.943037974683545,158
MEX,1988	24.193939393939395,165
MEX,1992	23.982758620689655,174
MEX,1994	35.0,1
MEX,1996	24.765765765765767,111
MEX,2000	25.653061224489797,98
MEX,2002	31.666666666666668,3
MEX,2004	25.751824817518248,137
MEX,2008	25.66990291262136,103
MEX,2010	51.0,2
MEX,2012	25.15126050420168,119
MEX,2014	55.0,1
MEX,2016	25.366906474820144,139
MGL,1964	21.822580645161292,62
MGL,1968	23.395833333333332,48
MGL,1972	26.784313725490197,51
MGL,1976	26.3125,32
MGL,1980	23.895522388059703,67
MGL,1984	28.25,12
MGL,1988	23.536585365853657,41
MGL,1992	24.551020408163264,49
MGL,1994	24.0,2
MGL,1996	24.88888888888889,18
MGL,1998	19.333333333333332,3
MGL,2000	25.956521739130434,23
MGL,2002	24.0,4
MGL,2004	24.523809523809526,21
MGL,2006	21.0,2
MGL,2008	26.161290322580644,31
MGL,2010	25.0,2
MGL,2012	26.09375,32
MGL,2014	22.0,2
MGL,2016	26.717391304347824,46
MHL,2008	21.6,5
MHL,2012	20.5,4
MHL,2016	18.8,5
MKD,1996	20.8125,16
MKD,1998	20.666666666666668,3
MKD,2000	20.933333333333334,15
MKD,2002	25.0,4
MKD,2004	24.357142857142858,14
MKD,2006	19.6,5
MKD,2008	23.857142857142858,7
MKD,2010	21.75,4
MKD,2012	19.5,4
MKD,2014	26.666666666666668,6
MKD,2016	22.166666666666668,6
MLI,1964	23.0,2
MLI,1968	26.0,2
MLI,1972	29.666666666666668,3
MLI,1980	25.0,5
MLI,1984	24.8,5
MLI,1988	21.428571428571427,7
MLI,1992	24.0,5
MLI,1996	26.5,4
MLI,2000	19.8,5
MLI,2004	21.476190476190474,21
MLI,2008	24.176470588235293,17
MLI,2012	25.5,6
MLI,2016	26.833333333333332,6
MLT,1928	23.4,5
MLT,1936	22.181818181818183,11
MLT,1948	23.0,1
MLT,1960	26.53846153846154,13
MLT,1968	33.0,1
MLT,1972	25.6,5
MLT,1980	25.916666666666668,12
MLT,1984	26.857142857142858,7
MLT,1988	23.666666666666668,6
MLT,1992	25.875,8
MLT,1996	26.1,10
MLT,2000	25.714285714285715,7
MLT,2004	22.571428571428573,7
MLT,2008	22.166666666666668,6
MLT,2012	24.4,5
MLT,2014	22.0,2
MLT,2016	28.125,8
MNE,2008	27.45,20
MNE,2010	19.0,2
MNE,2012	27.5,34
MNE,2014	19.0,3
MNE,2016	27.6,35
MON,1920	24.285714285714285,7
MON,1924	27.555555555555557,9
MON,1928	25.22222222222222,9
MON,1936	34.111111111111114,9
MON,1948	42.0,4
MON,1952	44.5,10
MON,1960	32.0,13
MON,1964	24.0,1
MON,1968	29.5,2
MON,1972	40.0,5
MON,1976	36.3,10
MON,1984	28.9,10
MON,1988	27.153846153846153,13
MON,1992	26.166666666666668,12
MON,1994	31.0,7
MON,1996	24.0,4
MON,1998	33.666666666666664,6
MON,2000	25.75,4
MON,2002	31.0,7
MON,2004	31.666666666666668,3
MON,2006	22.4,10
MON,2008	29.0,5
MON,2010	29.5,6
MON,2012	28.833333333333332,6
MON,2014	27.363636363636363,11
MON,2016	25.75,8
MOZ,1980	24.8,5
MOZ,1984	25.571428571428573,14
MOZ,1988	20.666666666666668,12
MOZ,1992	21.714285714285715,7
MOZ,1996	23.666666666666668,3
MOZ,2000	23.5,4
MOZ,2004	21.75,4
MOZ,2008	23.5,4
MOZ,2012	22.166666666666668,6
MOZ,2016	24.125,8
MRI,1984	19.571428571428573,7
MRI,1988	24.90909090909091,11
MRI,1992	20.045454545454547,22
MRI,1996	23.86111111111111,36
MRI,2000	23.153846153846153,26
MRI,2004	24.22222222222222,9
MRI,2008	26.727272727272727,11
MRI,2012	24.09090909090909,11
MRI,2016	24.545454545454547,11
MTN,1984	24.0,1
MTN,1988	26.0,7
MTN,1992	25.833333333333332,6
MTN,1996	28.5,4
MTN,2000	17.0,2
MTN,2004	23.5,2
MTN,2008	20.5,2
MTN,2012	22.5,2
MTN,2016	27.5,2
MYA,1952	22.8,5
MYA,1956	24.6,10
MYA,1960	28.0,9
MYA,1964	26.0,12
MYA,1968	26.5,4
MYA,1972	23.263157894736842,19
MYA,1980	28.5,2
MYA,1984	26.0,1
MYA,1988	26.666666666666668,3
MYA,1992	27.0,5
MYA,1996	37.666666666666664,3
MYA,2000	23.714285714285715,7
MYA,2004	26.5,2
MYA,2008	24.714285714285715,7
MYA,2012	28.0,6
MYA,2016	27.125,8
NAM,1992	21.9,10
NAM,1996	26.9,10
NAM,2000	26.125,16
NAM,2004	32.8,10
NAM,2008	29.454545454545453,11
NAM,2012	27.444444444444443,9
NAM,2016	30.90909090909091,11
NBO,1956	22.5,2
NCA,1968	22.6875,16
NCA,1972	23.4,10
NCA,1976	20.058823529411764,17
NCA,1980	17.333333333333332,6
NCA,1984	23.4,5
NCA,1992	25.22222222222222,9
NCA,1996	26.214285714285715,28
NCA,2000	26.166666666666668,6
NCA,2004	23.333333333333332,6
NCA,2008	26.714285714285715,7
NCA,2012	24.666666666666668,6
NCA,2016	21.4,5
NED,1900	30.904109589041095,73
NED,1906	25.632653061224488,49
NED,1908	25.701834862385322,218
NED,1912	27.22222222222222,45
NED,1920	31.568075117370892,213
NED,1924	29.6260162601626,246
NED,1928	30.743654822335024,394
NED,1932	37.1875,80
NED,1936	30.804081632653062,245
NED,1948	28.150753768844222,199
NED,1952	25.211822660098523,203
NED,1956	27.294117647058822,17
NED,1960	23.248554913294797,173
NED,1964	23.311764705882354,170
NED,1968	23.620481927710845,166
NED,1972	23.044444444444444,225
NED,1976	22.86868686868687,198
NED,1980	23.628930817610062,159
NED,1984	24.0,214
NED,1988	24.83259911894273,227
NED,1992	25.01010101010101,297
NED,1994	22.674418604651162,43
NED,1996	26.30344827586207,290
NED,1998	23.270833333333332,48
NED,2000	27.24561403508772,285
NED,2002	26.653061224489797,49
NED,2004	26.651515151515152,264
NED,2006	25.873015873015873,63
NED,2008	26.685512367491167,283
NED,2010	25.246153846153845,65
NED,2012	27.135135135135137,222
NED,2014	26.341463414634145,82
NED,2016	26.747720364741642,329
NEP,1964	21.333333333333332,3
NEP,1976	23.0,1
NEP,1980	23.6,10
NEP,1984	27.0,5
NEP,1988	25.142857142857142,7
NEP,1992	26.0,1
NEP,1996	26.0,6
NEP,2000	25.2,5
NEP,2002	29.0,2
NEP,2004	26.666666666666668,6
NEP,2006	36.0,1
NEP,2008	27.125,8
NEP,2010	40.0,1
NEP,2012	21.0,5
NEP,2014	44.0,1
NEP,2016	22.285714285714285,7
NFL,1904	21.0,1
NGR,1952	24.8,15
NGR,1956	26.666666666666668,12
NGR,1960	23.666666666666668,15
NGR,1964	24.42105263157895,19
NGR,1968	24.02173913043478,46
NGR,1972	25.257142857142856,35
NGR,1980	23.142857142857142,56
NGR,1984	23.13888888888889,36
NGR,1988	23.547619047619047,84
NGR,1992	22.319444444444443,72
NGR,1996	23.13095238095238,84
NGR,2000	23.89,100
NGR,2004	24.329113924050635,79
NGR,2008	23.797752808988765,89
NGR,2012	25.086206896551722,58
NGR,2016	25.61038961038961,77
NIG,1984	24.5,2
NIG,1992	25.0,1
NIG,1996	14.0,1
NIG,2000	20.5,4
NIG,2004	21.0,4
NIG,2008	23.0,4
NIG,2012	23.666666666666668,6
NIG,2016	20.833333333333332,6
NOR,1900	31.96551724137931,29
NOR,1904	23.833333333333332,6
NOR,1906	27.490909090909092,55
NOR,1908	26.87378640776699,103
NOR,1912	27.007604562737644,263
NOR,1920	30.928838951310862,267
NOR,1924	30.574468085106382,141
NOR,1928	29.734513274336283,113
NOR,1932	25.926829268292682,41
NOR,1936	27.786259541984734,131
NOR,1948	29.74418604651163,172
NOR,1952	28.670103092783506,291
NOR,1956	29.77358490566038,106
NOR,1960	26.904761904761905,105
NOR,1964	24.76691729323308,133
NOR,1968	23.82383419689119,193
NOR,1972	24.516363636363636,275
NOR,1976	24.48125,160
NOR,1980	24.26,100
NOR,1984	24.48471615720524,229
NOR,1988	24.695876288659793,194
NOR,1992	24.18888888888889,270
NOR,1994	24.62264150943396,159
NOR,1996	25.482758620689655,116
NOR,1998	26.093959731543624,149
NOR,2000	27.234782608695653,115
NOR,2002	28.09036144578313,166
NOR,2004	29.266666666666666,60
NOR,2006	28.18633540372671,161
NOR,2008	28.235294117647058,102
NOR,2010	26.431578947368422,190
NOR,2012	27.333333333333332,69
NOR,2014	26.424657534246574,219
NOR,2016	26.714285714285715,77
NRU,1996	22.666666666666668,3
NRU,2000	26.5,2
NRU,2004	19.666666666666668,3
NRU,2008	21.0,1
NRU,2012	27.0,2
NRU,2016	25.0,2
NZL,1900	24.0,1
NZL,1920	20.833333333333332,6
NZL,1924	19.833333333333332,6
NZL,1928	21.0,13
NZL,1932	24.96551724137931,29
NZL,1936	22.0,9
NZL,1948	23.5,8
NZL,1952	23.46153846153846,26
NZL,1956	25.19298245614035,57
NZL,1960	24.47457627118644,59
NZL,1964	25.46590909090909,88
NZL,1968	23.675,80
NZL,1972	24.64406779661017,118
NZL,1976	24.063063063063062,111
NZL,1980	23.0,18
NZL,1984	24.514619883040936,171
NZL,1988	26.770992366412212,131
NZL,1992	26.308108108108108,185
NZL,1994	25.8125,16
NZL,1996	25.635658914728683,129
NZL,1998	25.333333333333332,9
NZL,2000	27.141242937853107,177
NZL,2002	26.0625,16
NZL,2004	26.559782608695652,184
NZL,2006	29.333333333333332,18
NZL,2008	26.487562189054728,201
NZL,2010	24.818181818181817,22
NZL,2012	26.08823529411765,204
NZL,2014	25.72222222222222,18
NZL,2016	26.03448275862069,232
OMA,1984	22.375,16
OMA,1988	25.0,11
OMA,1992	26.4,5
OMA,1996	25.8,5
OMA,2000	28.25,8
OMA,2004	30.5,2
OMA,2008	26.75,4
OMA,2012	23.333333333333332,3
OMA,2016	25.75,4
PAK,1948	24.38888888888889,18
PAK,1952	25.176470588235293,51
PAK,1956	26.491803278688526,61
PAK,1960	27.20754716981132,53
PAK,1964	26.76086956521739,46
PAK,1968	25.466666666666665,15
PAK,1972	24.192307692307693,26
PAK,1976	25.565217391304348,23
PAK,1984	24.181818181818183,33
PAK,1988	23.03125,32
PAK,1992	23.785714285714285,28
PAK,1996	23.791666666666668,24
PAK,2000	24.37037037037037,27
PAK,2004	25.346153846153847,26
PAK,2008	24.0,22
PAK,2010	23.0,1
PAK,2012	25.666666666666668,21
PAK,2014	18.0,1
PAK,2016	22.857142857142858,7
PAN,1928	22.0,2
PAN,1948	26.0,2
PAN,1952	27.0,1
PAN,1960	23.0,8
PAN,1964	23.266666666666666,15
PAN,1968	25.8125,16
PAN,1972	27.0,6
PAN,1976	21.0,13
PAN,1984	21.666666666666668,9
PAN,1988	23.88888888888889,9
PAN,1992	28.0,7
PAN,1996	22.444444444444443,9
PAN,2000	24.142857142857142,7
PAN,2004	22.4,5
PAN,2008	23.6,5
PAN,2012	22.875,8
PAN,2016	27.428571428571427,14
PAR,1968	29.0,1
PAR,1972	25.666666666666668,3
PAR,1976	27.833333333333332,6
PAR,1984	27.555555555555557,18
PAR,1988	27.384615384615383,13
PAR,1992	19.903225806451612,31
PAR,1996	22.571428571428573,7
PAR,2000	20.0,5
PAR,2004	23.272727272727273,22
PAR,2008	22.285714285714285,7
PAR,2012	22.9,10
PAR,2014	21.0,1
PAR,2016	29.545454545454547,11
PER,1900	29.0,2
PER,1932	33.666666666666664,3
PER,1936	23.377777777777776,45
PER,1948	27.130434782608695,23
PER,1956	32.285714285714285,7
PER,1960	26.727272727272727,33
PER,1964	26.125,40
PER,1968	24.060606060606062,33
PER,1972	22.225806451612904,31
PER,1976	21.571428571428573,14
PER,1980	22.63157894736842,38
PER,1984	21.704545454545453,44
PER,1988	24.615384615384617,26
PER,1992	24.666666666666668,21
PER,1996	23.939393939393938,33
PER,2000	26.5,22
PER,2004	26.642857142857142,14
PER,2008	24.923076923076923,13
PER,2010	21.4,5
PER,2012	24.3125,16
PER,2014	25.4,5
PER,2016	25.705882352941178,34
PHI,1924	23.0,2
PHI,1928	22.75,4
PHI,1932	23.125,8
PHI,1936	23.34285714285714,35
PHI,1948	30.36842105263158,19
PHI,1952	28.428571428571427,28
PHI,1956	30.476190476190474,21
PHI,1960	25.4375,48
PHI,1964	25.771428571428572,70
PHI,1968	24.34090909090909,88
PHI,1972	24.209876543209877,81
PHI,1976	25.166666666666668,18
PHI,1984	23.419354838709676,31
PHI,1988	22.372093023255815,43
PHI,1992	24.64864864864865,37
PHI,1996	26.733333333333334,15
PHI,2000	21.818181818181817,22
PHI,2004	22.333333333333332,21
PHI,2008	22.941176470588236,17
PHI,2012	25.272727272727273,11
PHI,2014	17.0,1
PHI,2016	24.846153846153847,13
PLE,1996	33.0,1
PLE,2000	22.5,2
PLE,2004	20.333333333333332,3
PLE,2008	20.75,4
PLE,2012	21.6,5
PLE,2016	29.0,6
PLW,2000	21.2,5
PLW,2004	25.75,4
PLW,2008	23.2,5
PLW,2012	21.4,5
PLW,2016	22.5,6
PNG,1976	23.333333333333332,9
PNG,1984	26.0,12
PNG,1988	24.307692307692307,13
PNG,1992	24.0,19
PNG,1996	23.176470588235293,17
PNG,2000	18.6,5
PNG,2004	21.666666666666668,6
PNG,2008	24.555555555555557,9
PNG,2012	24.625,8
PNG,2016	26.25,8
POL,1912	35.0,1
POL,1924	26.90990990990991,111
POL,1928	33.710059171597635,169
POL,1932	28.579545454545453,88
POL,1936	28.634146341463413,205
POL,1948	31.833333333333332,96
POL,1952	25.13448275862069,290
POL,1956	24.296875,192
POL,1960	25.17910447761194,335
POL,1964	25.70552147239264,326
POL,1968	24.68103448275862,348
POL,1972	24.301652892561982,484
POL,1976	24.688654353562004,379
POL,1980	24.190371991247265,457
POL,1984	24.214285714285715,42
POL,1988	25.570212765957447,235
POL,1992	23.95567867036011,361
POL,1994	23.796610169491526,59
POL,1996	25.507246376811594,207
POL,1998	24.0126582278481,79
POL,2000	25.4375,240
POL,2002	25.796296296296298,54
POL,2004	25.4375,224
POL,2006	25.21978021978022,91
POL,2008	26.411392405063292,316
POL,2010	25.245283018867923,106
POL,2012	26.4609375,256
POL,2014	26.181208053691275,149
POL,2016	27.06574394463668,289
POR,1912	21.142857142857142,7
POR,1920	30.0,22
POR,1924	32.21951219512195,41
POR,1928	28.842105263157894,38
POR,1932	35.75,4
POR,1936	34.73076923076923,26
POR,1948	33.297872340425535,47
POR,1952	28.25,156
POR,1956	35.46666666666667,15
POR,1960	27.477064220183486,109
POR,1964	29.08,25
POR,1968	26.03030303030303,33
POR,1972	30.5609756097561,41
POR,1976	20.916666666666668,36
POR,1980	21.444444444444443,18
POR,1984	25.5625,48
POR,1988	23.21212121212121,99
POR,1992	24.982608695652175,115
POR,1994	19.0,4
POR,1996	23.702290076335878,131
POR,1998	26.0,2
POR,2000	27.640625,64
POR,2004	25.602150537634408,93
POR,2006	32.0,1
POR,2008	27.82758620689655,87
POR,2010	36.0,1
POR,2012	27.836734693877553,98
POR,2014	18.5,4
POR,2016	27.87735849056604,106
PRK,1964	21.6,20
PRK,1972	24.892473118279568,93
PRK,1976	25.0,40
PRK,1980	20.71900826446281,121
PRK,1984	16.764705882352942,17
PRK,1988	19.333333333333332,15
PRK,1992	20.729559748427672,159
PRK,1996	21.88888888888889,36
PRK,1998	19.88235294117647,17
PRK,2000	23.319148936170212,47
PRK,2004	20.802816901408452,71
PRK,2006	20.857142857142858,7
PRK,2008	23.921875,64
PRK,2010	23.666666666666668,3
PRK,2012	22.017543859649123,57
PRK,2016	25.342105263157894,38
PUR,1948	23.88888888888889,9
PUR,1952	28.52173913043478,23
PUR,1956	22.90909090909091,11
PUR,1960	25.06896551724138,29
PUR,1964	22.866666666666667,45
PUR,1968	22.8989898989899,99
PUR,1972	25.483333333333334,60
PUR,1976	22.883928571428573,112
PUR,1980	19.0,3
PUR,1984	24.70689655172414,58
PUR,1988	25.054794520547944,73
PUR,1992	25.02803738317757,107
PUR,1994	30.0,6
PUR,1996	26.076923076923077,91
PUR,1998	35.142857142857146,7
PUR,2000	25.394736842105264,38
PUR,2004	26.442307692307693,52
PUR,2008	22.838709677419356,31
PUR,2012	23.285714285714285,28
PUR,2016	25.658536585365855,41
QAT,1984	20.636363636363637,11
QAT,1988	22.545454545454547,11
QAT,1992	20.7,30
QAT,1996	23.153846153846153,13
QAT,2000	23.263157894736842,19
QAT,2004	22.133333333333333,15
QAT,2008	24.15,20
QAT,2012	22.642857142857142,14
QAT,2016	26.976190476190474,42
RHO,1960	25.5,12
ROT,2016	23.916666666666668,12
ROU,1900	23.0,1
ROU,1924	27.923076923076923,13
ROU,1928	26.076923076923077,13
ROU,1932	31.125,8
ROU,1936	25.892857142857142,140
ROU,1948	23.285714285714285,14
ROU,1952	24.90530303030303,264
ROU,1956	24.610169491525422,118
ROU,1960	24.576923076923077,156
ROU,1964	25.480916030534353,262
ROU,1968	25.24113475177305,141
ROU,1972	24.434163701067614,281
ROU,1976	23.761744966442954,298
ROU,1980	24.37994722955145,379
ROU,1984	23.017543859649123,228
ROU,1988	21.85786802030457,197
ROU,1992	22.58695652173913,368
ROU,1994	23.333333333333332,48
ROU,1996	23.003521126760564,284
ROU,1998	25.103448275862068,29
ROU,2000	23.595238095238095,252
ROU,2002	22.975609756097562,41
ROU,2004	24.761658031088082,193
ROU,2006	24.566037735849058,53
ROU,2008	24.308139534883722,172
ROU,2010	24.571428571428573,49
ROU,2012	25.096774193548388,155
ROU,2014	24.175,40
ROU,2016	26.56198347107438,121
RSA,1908	26.59090909090909,22
RSA,1912	30.964285714285715,56
RSA,1920	30.48611111111111,72
RSA,1924	27.75,36
RSA,1928	22.457142857142856,35
RSA,1932	25.055555555555557,18
RSA,1936	24.073170731707318,41
RSA,1948	25.609756097560975,41
RSA,1952	25.128440366972477,109
RSA,1956	24.811764705882354,85
RSA,1960	25.539473684210527,76
RSA,1992	25.74468085106383,141
RSA,1994	26.0,3
RSA,1996	24.00900900900901,111
RSA,1998	18.666666666666668,3
RSA,2000	24.919254658385093,161
RSA,2002	23.0,4
RSA,2004	25.4296875,128
RSA,2006	27.77777777777778,9
RSA,2008	24.860335195530727,179
RSA,2010	26.5,2
RSA,2012	25.358620689655172,145
RSA,2016	25.303225806451614,155
RUS,1900	31.0,1
RUS,1908	33.0,3
RUS,1912	28.572139303482587,201
RUS,1924	36.0,1
RUS,1994	24.158653846153847,208
RUS,1996	24.268115942028984,552
RUS,1998	25.3502538071066,197
RUS,2000	25.229235880398672,602
RUS,2002	25.470833333333335,240
RUS,2004	26.040472175379428,593
RUS,2006	25.784452296819786,283
RUS,2008	25.415,600
RUS,2010	25.602150537634408,279
RUS,2012	25.444444444444443,549
RUS,2014	25.93201133144476,353
RUS,2016	25.423645320197043,406
RWA,1984	25.0,6
RWA,1988	23.0,7
RWA,1992	23.714285714285715,7
RWA,1996	22.5,4
RWA,2000	21.8,5
RWA,2004	26.0,5
RWA,2008	24.75,4
RWA,2012	23.714285714285715,7
RWA,2016	27.285714285714285,7
SAA,1952	25.06451612903226,93
SAM,1984	26.555555555555557,9
SAM,1988	23.0,11
SAM,1992	24.0,5
SAM,1996	23.2,5
SAM,2000	24.0,5
SAM,2004	26.666666666666668,3
SAM,2008	29.142857142857142,7
SAM,2012	28.11111111111111,9
SAM,2016	26.333333333333332,9
SCG,1996	25.443037974683545,79
SCG,1998	18.5,2
SCG,2000	25.456,125
SCG,2002	24.25,8
SCG,2004	25.385416666666668,96
SCG,2006	27.0,11
SEN,1964	23.785714285714285,14
SEN,1968	26.565217391304348,23
SEN,1972	25.857142857142858,35
SEN,1976	27.379310344827587,29
SEN,1980	24.735294117647058,34
SEN,1984	26.2,30
SEN,1988	25.08823529411765,34
SEN,1992	27.542857142857144,35
SEN,1994	33.0,1
SEN,1996	27.5,12
SEN,2000	24.71875,32
SEN,2004	24.238095238095237,21
SEN,2006	24.0,3
SEN,2008	23.941176470588236,17
SEN,2010	28.0,2
SEN,2012	24.8125,32
SEN,2016	29.0,22
SEY,1980	22.761904761904763,21
SEY,1984	23.333333333333332,15
SEY,1992	19.238095238095237,21
SEY,1996	24.11111111111111,9
SEY,2000	22.11111111111111,9
SEY,2004	23.4,10
SEY,2008	25.6,10
SEY,2012	19.166666666666668,6
SEY,2016	26.1,10
SGP,1948	26.0,1
SGP,1952	20.4,5
SGP,1956	27.547619047619047,42
SGP,1960	39.0,5
SGP,1968	26.666666666666668,6
SGP,1972	20.833333333333332,12
SGP,1976	24.0,4
SGP,1984	19.714285714285715,14
SGP,1988	22.185185185185187,27
SGP,1992	21.62162162162162,37
SGP,1996	20.6,35
SGP,2000	21.17391304347826,23
SGP,2004	24.636363636363637,22
SGP,2008	22.86111111111111,36
SGP,2012	23.444444444444443,36
SGP,2016	24.40625,32
SKN,1996	24.0,14
SKN,2000	25.0,4
SKN,2004	23.5,2
SKN,2008	25.666666666666668,6
SKN,2012	21.428571428571427,7
SKN,2016	29.11111111111111,9
SLE,1968	27.25,4
SLE,1980	22.433333333333334,30
SLE,1984	21.9,10
SLE,1988	22.894736842105264,19
SLE,1992	20.4,15
SLE,1996	23.263157894736842,19
SLE,2000	22.333333333333332,3
SLE,2004	18.5,2
SLE,2008	21.0,3
SLE,2012	25.5,2
SLE,2016	22.25,4
SLO,1992	23.037037037037038,108
SLO,1994	21.152542372881356,59
SLO,1996	24.404255319148938,47
SLO,1998	23.333333333333332,69
SLO,2000	25.244444444444444,90
SLO,2002	26.145833333333332,96
SLO,2004	25.80392156862745,102
SLO,2006	25.072916666666668,96
SLO,2008	26.52054794520548,73
SLO,2010	26.121495327102803,107
SLO,2012	26.358974358974358,78
SLO,2014	26.95689655172414,116
SLO,2016	26.957142857142856,70
SMR,1960	22.923076923076923,13
SMR,1968	28.5,4
SMR,1972	28.571428571428573,7
SMR,1976	26.923076923076923,13
SMR,1980	28.75,16
SMR,1984	25.27027027027027,37
SMR,1988	24.0,27
SMR,1992	24.821428571428573,28
SMR,1994	31.333333333333332,3
SMR,1996	25.571428571428573,7
SMR,2000	28.75,4
SMR,2002	17.0,1
SMR,2004	27.2,5
SMR,2006	18.0,1
SMR,2008	26.75,4
SMR,2010	22.0,1
SMR,2012	27.25,4
SMR,2014	17.0,2
SMR,2016	34.0,4
SOL,1984	24.5,2
SOL,1988	23.0,5
SOL,1992	28.0,1
SOL,1996	22.75,4
SOL,2000	22.0,2
SOL,2004	21.5,2
SOL,2008	22.0,3
SOL,2012	28.25,4
SOL,2016	24.666666666666668,3
SOM,1972	24.75,4
SOM,1984	19.833333333333332,6
SOM,1988	23.25,4
SOM,1996	28.0,4
SOM,2000	23.0,2
SOM,2004	17.0,2
SOM,2008	17.5,2
SOM,2012	19.5,2
SOM,2016	19.5,2
SRB,1912	19.0,2
SRB,2008	25.855670103092784,97
SRB,2010	22.466666666666665,15
SRB,2012	26.64179104477612,134
SRB,2014	23.352941176470587,17
SRB,2016	27.590551181102363,127
SRI,1948	25.666666666666668,6
SRI,1952	22.857142857142858,7
SRI,1956	22.0,1
SRI,1960	22.4,5
SRI,1964	26.0,7
SRI,1968	31.0,3
SRI,1972	25.333333333333332,6
SRI,1980	28.0,4
SRI,1984	22.5,6
SRI,1988	23.22222222222222,9
SRI,1992	23.9375,16
SRI,1996	26.363636363636363,11
SRI,2000	26.5,24
SRI,2004	27.25,8
SRI,2008	27.666666666666668,9
SRI,2012	26.5,8
SRI,2016	29.0,10
SSD,2016	24.0,3
STP,1996	18.5,2
STP,2000	24.5,2
STP,2004	17.0,2
STP,2008	21.25,4
STP,2012	23.0,2
STP,2016	27.333333333333332,3
SUD,1960	22.428571428571427,7
SUD,1968	32.0,1
SUD,1972	24.666666666666668,3
SUD,1984	27.2,5
SUD,1988	27.8,5
SUD,1992	26.0,6
SUD,1996	25.0,4
SUD,2000	19.0,3
SUD,2004	23.25,4
SUD,2008	22.22222222222222,9
SUD,2012	23.0,6
SUD,2016	21.333333333333332,6
SUI,1896	30.0,4
SUI,1900	36.73913043478261,46
SUI,1904	22.571428571428573,7
SUI,1906	34.888888888888886,36
SUI,1908	25.0,1
SUI,1912	39.42857142857143,7
SUI,1920	30.164383561643834,73
SUI,1924	27.261306532663315,199
SUI,1928	28.492385786802032,197
SUI,1932	29.647058823529413,17
SUI,1936	27.567123287671233,365
SUI,1948	29.87579617834395,314
SUI,1952	27.30841121495327,321
SUI,1956	27.372340425531913,94
SUI,1960	27.75095785440613,261
SUI,1964	26.399141630901287,233
SUI,1968	25.852534562211982,217
SUI,1972	24.165697674418606,344
SUI,1976	25.331550802139038,187
SUI,1980	25.069182389937108,159
SUI,1984	23.76851851851852,324
SUI,1988	26.3898916967509,277
SUI,1992	25.473333333333333,300
SUI,1994	25.858490566037737,106
SUI,1996	27.122093023255815,172
SUI,1998	25.805084745762713,118
SUI,2000	27.3768115942029,138
SUI,2002	26.41317365269461,167
SUI,2004	27.41304347826087,138
SUI,2006	26.475138121546962,181
SUI,2008	27.448275862068964,116
SUI,2010	26.542105263157893,190
SUI,2012	27.38095238095238,126
SUI,2014	25.958904109589042,219
SUI,2016	25.95394736842105,152
SUR,1968	20.0,1
SUR,1972	19.0,3
SUR,1976	23.0,3
SUR,1984	19.833333333333332,6
SUR,1988	21.4,10
SUR,1992	21.666666666666668,9
SUR,1996	21.272727272727273,11
SUR,2000	23.6,5
SUR,2004	23.5,4
SUR,2008	19.0,4
SUR,2012	22.0,5
SUR,2016	24.333333333333332,6
SVK,1994	24.46268656716418,67
SVK,1996	24.683673469387756,98
SVK,1998	25.484375,64
SVK,2000	24.62121212121212,132
SVK,2002	25.341772151898734,79
SVK,2004	26.166666666666668,84
SVK,2006	25.517543859649123,114
SVK,2008	27.791044776119403,67
SVK,2010	27.878504672897197,107
SVK,2012	27.415384615384614,65
SVK,2014	26.721739130434784,115
SVK,2016	27.96825396825397,63
SWE,1896	21.0,5
SWE,1900	23.625,24
SWE,1906	24.926315789473684,95
SWE,1908	25.369565217391305,276
SWE,1912	26.963534361851334,713
SWE,1920	28.284653465346533,404
SWE,1924	29.0,297
SWE,1928	27.39644970414201,169
SWE,1932	35.80689655172414,145
SWE,1936	31.171003717472118,269
SWE,1948	28.621160409556314,293
SWE,1952	27.207126948775056,449
SWE,1956	28.7168458781362,279
SWE,1960	25.954545454545453,330
SWE,1964	25.996402877697843,278
SWE,1968	24.895973154362416,298
SWE,1972	24.937282229965156,287
SWE,1976	24.497925311203318,241
SWE,1980	23.974193548387095,310
SWE,1984	24.321022727272727,352
SWE,1988	25.116710875331567,377
SWE,1992	25.917525773195877,388
SWE,1994	25.29801324503311,151
SWE,1996	27.13733905579399,233
SWE,1998	26.061643835616437,146
SWE,2000	27.196969696969695,198
SWE,2002	26.647798742138363,159
SWE,2004	27.630573248407643,157
SWE,2006	26.791666666666668,168
SWE,2008	27.875739644970412,169
SWE,2010	27.058139534883722,172
SWE,2012	28.404761904761905,168
SWE,2014	26.62837837837838,148
SWE,2016	27.677419354838708,186
SWZ,1972	34.0,4
SWZ,1984	23.454545454545453,11
SWZ,1988	24.666666666666668,15
SWZ,1992	22.076923076923077,13
SWZ,1996	26.0,6
SWZ,2000	22.333333333333332,6
SWZ,2004	26.666666666666668,3
SWZ,2008	20.0,4
SWZ,2012	22.0,3
SWZ,2016	25.5,2
SYR,1968	26.0,1
SYR,1972	31.0,5
SYR,1980	24.507042253521128,71
SYR,1984	24.88888888888889,9
SYR,1988	22.76923076923077,13
SYR,1992	23.666666666666668,9
SYR,1996	23.75,8
SYR,2000	26.0,8
SYR,2004	27.166666666666668,6
SYR,2008	25.0,7
SYR,2012	24.5,10
SYR,2016	24.142857142857142,7
TAN,1964	23.25,4
TAN,1968	21.0,3
TAN,1972	23.0,21
TAN,1980	25.02173913043478,46
TAN,1984	27.357142857142858,14
TAN,1988	23.5,10
TAN,1992	26.0,9
TAN,1996	25.857142857142858,7
TAN,2000	27.0,4
TAN,2004	24.444444444444443,9
TAN,2008	25.444444444444443,9
TAN,2012	26.666666666666668,6
TAN,2016	24.428571428571427,7
TCH,1920	29.25242718446602,103
TCH,1924	28.06806282722513,191
TCH,1928	26.87837837837838,148
TCH,1932	36.28333333333333,60
TCH,1936	28.153153153153152,333
TCH,1948	28.034146341463416,205
TCH,1952	24.012244897959185,245
TCH,1956	25.41552511415525,219
TCH,1960	25.553571428571427,224
TCH,1964	24.578125,256
TCH,1968	23.773722627737225,274
TCH,1972	24.68955223880597,335
TCH,1976	23.964809384164223,341
TCH,1980	24.020460358056265,391
TCH,1984	24.265822784810126,79
TCH,1988	23.504347826086956,345
TCH,1992	24.18465227817746,417
TGA,1984	22.571428571428573,7
TGA,1988	22.142857142857142,7
TGA,1992	24.0,5
TGA,1996	24.4,5
TGA,2000	27.666666666666668,3
TGA,2004	27.4,5
TGA,2008	29.666666666666668,3
TGA,2012	24.666666666666668,3
TGA,2014	26.0,1
TGA,2016	22.142857142857142,7
THA,1952	24.333333333333332,15
THA,1956	24.857142857142858,7
THA,1960	27.666666666666668,24
THA,1964	25.16417910447761,67
THA,1968	26.42222222222222,45
THA,1972	29.16216216216216,37
THA,1976	26.39344262295082,61
THA,1984	27.85,40
THA,1988	24.866666666666667,15
THA,1992	22.21875,64
THA,1996	21.310344827586206,58
THA,2000	22.955882352941178,68
THA,2002	43.0,2
THA,2004	25.19607843137255,51
THA,2006	47.0,1
THA,2008	24.62264150943396,53
THA,2012	24.930232558139537,43
THA,2014	25.666666666666668,3
THA,2016	25.96551724137931,58
TJK,1996	21.5,8
TJK,2000	22.25,4
TJK,2002	24.0,2
TJK,2004	29.333333333333332,9
TJK,2006	28.0,3
TJK,2008	27.3125,16
TJK,2010	32.0,4
TJK,2012	27.1875,16
TJK,2014	28.0,1
TJK,2016	24.857142857142858,7
TKM,1996	24.285714285714285,7
TKM,2000	25.375,8
TKM,2004	24.7,10
TKM,2008	23.7,10
TKM,2012	23.0,10
TKM,2016	22.444444444444443,9
TLS,2004	27.0,2
TLS,2008	24.0,1
TLS,2012	24.0,2
TLS,2014	19.0,1
TLS,2016	26.0,3
TOG,1972	22.166666666666668,6
TOG,1984	25.2,5
TOG,1988	23.333333333333332,6
TOG,1992	24.333333333333332,9
TOG,1996	26.285714285714285,7
TOG,2000	19.333333333333332,3
TOG,2004	22.666666666666668,3
TOG,2008	27.5,4
TOG,2012	23.833333333333332,6
TOG,2014	18.333333333333332,3
TOG,2016	18.8,5
TPE,1956	21.714285714285715,7
TPE,1960	25.93548387096774,31
TPE,1964	24.28125,96
TPE,1968	23.86021505376344,93
TPE,1972	21.58490566037736,53
TPE,1976	23.545454545454547,11
TPE,1984	23.01388888888889,72
TPE,1988	22.083333333333332,144
TPE,1992	24.693877551020407,49
TPE,1994	27.5,2
TPE,1996	22.177570093457945,107
TPE,1998	28.0,9
TPE,2000	22.346666666666668,75
TPE,2002	25.666666666666668,6
TPE,2004	22.903846153846153,104
TPE,2006	20.0,1
TPE,2008	24.75,92
TPE,2010	24.0,1
TPE,2012	24.236363636363638,55
TPE,2014	20.6,5
TPE,2016	25.134328358208954,67
TTO,1948	27.666666666666668,9
TTO,1952	26.0,2
TTO,1956	26.875,8
TTO,1964	25.0,18
TTO,1968	24.28,25
TTO,1972	22.916666666666668,36
TTO,1976	24.45,20
TTO,1980	27.133333333333333,15
TTO,1984	22.043478260869566,23
TTO,1988	23.2,10
TTO,1992	25.076923076923077,13
TTO,1994	31.0,2
TTO,1996	24.0,16
TTO,1998	35.0,2
TTO,2000	23.344827586206897,29
TTO,2002	30.333333333333332,3
TTO,2004	24.23076923076923,26
TTO,2008	24.685714285714287,35
TTO,2012	24.657894736842106,38
TTO,2016	26.41860465116279,43
TUN,1960	24.839285714285715,56
TUN,1964	25.181818181818183,11
TUN,1968	25.375,8
TUN,1972	23.324324324324323,37
TUN,1976	22.6875,16
TUN,1984	22.142857142857142,28
TUN,1988	24.155555555555555,45
TUN,1992	24.666666666666668,15
TUN,1996	23.75,52
TUN,2000	24.404255319148938,47
TUN,2004	23.234375,64
TUN,2008	23.689655172413794,29
TUN,2012	25.344827586206897,87
TUN,2016	26.876923076923077,65
TUR,1906	13.0,2
TUR,1912	26.142857142857142,7
TUR,1924	25.571428571428573,7
TUR,1928	22.545454545454547,22
TUR,1936	24.625,72
TUR,1948	25.510204081632654,49
TUR,1952	23.870967741935484,31
TUR,1956	26.75,24
TUR,1960	27.5,42
TUR,1964	28.65714285714286,35
TUR,1968	24.114285714285714,35
TUR,1972	25.84,50
TUR,1976	24.282608695652176,46
TUR,1984	23.84931506849315,73
TUR,1988	22.71014492753623,69
TUR,1992	22.91549295774648,71
TUR,1994	28.0,1
TUR,1996	24.40983606557377,61
TUR,1998	24.0,1
TUR,2000	23.895522388059703,67
TUR,2002	19.4,5
TUR,2004	24.283783783783782,74
TUR,2006	20.941176470588236,17
TUR,2008	25.633802816901408,71
TUR,2010	25.11111111111111,9
TUR,2012	25.672268907563026,119
TUR,2014	28.272727272727273,11
TUR,2016	25.403361344537814,119
TUV,2008	18.666666666666668,3
TUV,2012	20.333333333333332,3
TUV,2016	24.0,1
UAE,1988	19.473684210526315,19
UAE,1992	21.620689655172413,29
UAE,1996	23.75,4
UAE,2000	27.6,5
UAE,2004	29.4,5
UAE,2008	27.77777777777778,9
UAE,2012	23.615384615384617,26
UAE,2016	27.833333333333332,12
UAR,1960	25.696428571428573,56
UGA,1956	22.333333333333332,3
UGA,1960	22.125,16
UGA,1964	23.210526315789473,19
UGA,1968	22.571428571428573,14
UGA,1972	25.542857142857144,35
UGA,1980	24.5,16
UGA,1984	24.428571428571427,28
UGA,1988	23.766666666666666,30
UGA,1992	22.625,8
UGA,1996	25.4,10
UGA,2000	24.5,12
UGA,2004	20.90909090909091,11
UGA,2008	23.545454545454547,11
UGA,2012	24.0625,16
UGA,2016	23.130434782608695,23
UKR,1994	24.7,60
UKR,1996	24.37037037037037,351
UKR,1998	24.125,104
UKR,2000	24.51086956521739,368
UKR,2002	25.792792792792792,111
UKR,2004	24.434173669467786,357
UKR,2006	25.61467889908257,109
UKR,2008	24.874617737003057,327
UKR,2010	26.526315789473685,95
UKR,2012	25.39144736842105,304
UKR,2014	25.73267326732673,101
UKR,2016	26.46323529411765,272
URS,1952	26.931398416886545,379
URS,1956	25.636563876651984,454
URS,1960	25.65148514851485,505
URS,1964	25.95438596491228,570
URS,1968	24.535472972972972,592
URS,1972	24.987673343605547,649
URS,1976	24.11223021582734,695
URS,1980	23.917617237008873,789
URS,1984	24.055944055944057,143
URS,1988	24.09887359198999,799
URU,1924	23.166666666666668,24
URU,1928	26.11764705882353,17
URU,1932	71.0,5
URU,1936	27.0,40
URU,1948	26.149253731343283,67
URU,1952	26.833333333333332,42
URU,1956	23.296296296296298,27
URU,1960	25.357142857142858,42
URU,1964	25.379310344827587,29
URU,1968	20.755102040816325,49
URU,1972	22.7,20
URU,1976	20.8,15
URU,1984	22.0,23
URU,1988	24.166666666666668,18
URU,1992	27.444444444444443,18
URU,1996	25.133333333333333,15
URU,1998	18.0,1
URU,2000	25.823529411764707,17
URU,2004	24.27777777777778,18
URU,2008	25.307692307692307,13
URU,2012	23.962962962962962,27
URU,2016	29.235294117647058,17
USA,1896	23.074074074074073,27
USA,1900	24.4,130
USA,1904	27.00676437429538,887
USA,1906	24.91358024691358,81
USA,1908	26.364485981308412,214
USA,1912	28.132596685082873,362
USA,1920	27.18895966029724,471
USA,1924	26.570281124497992,498
USA,1928	28.88470066518847,451
USA,1932	35.22605363984675,783
USA,1936	27.113309352517987,556
USA,1948	26.224568138195778,521
USA,1952	25.513711151736747,547
USA,1956	24.813084112149532,535
USA,1960	23.675422138836772,533
USA,1964	23.65589660743134,619
USA,1968	23.46987951807229,664
USA,1972	23.455172413793104,725
USA,1976	22.941843971631204,705
USA,1980	23.141935483870967,155
USA,1984	24.505312868949233,847
USA,1988	24.93296703296703,910
USA,1992	25.509824198552224,967
USA,1994	25.067510548523206,237
USA,1996	26.36948748510131,839
USA,1998	25.408450704225352,284
USA,2000	26.6282722513089,764
USA,2002	26.11182108626198,313
USA,2004	26.517906336088153,726
USA,2006	25.818461538461538,325
USA,2008	26.35910878112713,763
USA,2010	26.01759530791789,341
USA,2012	26.664731494920176,689
USA,2014	26.346049046321525,367
USA,2016	26.38108484005563,719
UZB,1994	21.857142857142858,7
UZB,1996	24.31578947368421,95
UZB,1998	24.0,4
UZB,2000	24.41176470588235,85
UZB,2002	25.5,6
UZB,2004	23.670886075949365,79
UZB,2006	22.75,4
UZB,2008	23.333333333333332,69
UZB,2010	25.4,5
UZB,2012	25.357142857142858,56
UZB,2014	22.8,5
UZB,2016	25.725,80
VAN,1988	22.666666666666668,6
VAN,1992	21.625,8
VAN,1996	25.75,4
VAN,2000	38.666666666666664,3
VAN,2004	18.0,2
VAN,2008	21.0,3
VAN,2012	24.6,5
VAN,2016	23.0,4
VEN,1932	30.0,1
VEN,1948	23.0,2
VEN,1952	23.918032786885245,61
VEN,1956	26.548387096774192,31
VEN,1960	26.425925925925927,54
VEN,1964	29.91304347826087,23
VEN,1968	28.2,30
VEN,1972	21.848484848484848,33
VEN,1976	19.125,56
VEN,1980	21.790697674418606,43
VEN,1984	23.454545454545453,44
VEN,1988	23.235294117647058,17
VEN,1992	25.555555555555557,27
VEN,1996	23.452830188679247,53
VEN,1998	36.0,1
VEN,2000	23.046153846153846,65
VEN,2002	32.0,4
VEN,2004	24.39622641509434,53
VEN,2006	52.0,1
VEN,2008	24.42063492063492,126
VEN,2012	26.28235294117647,85
VEN,2014	43.0,1
VEN,2016	27.476190476190474,105
VIE,1980	23.68421052631579,38
VIE,1988	22.916666666666668,12
VIE,1992	23.6,10
VIE,1996	22.166666666666668,6
VIE,2000	22.428571428571427,7
VIE,2004	22.545454545454547,11
VIE,2008	25.055555555555557,18
VIE,2012	23.666666666666668,24
VIE,2016	26.892857142857142,28
VIN,1988	20.5,6
VIN,1992	22.0,8
VIN,1996	21.75,12
VIN,2000	21.0,4
VIN,2004	21.333333333333332,3
VIN,2008	24.0,2
VIN,2012	22.0,3
VIN,2016	20.75,4
VNM,1952	24.46153846153846,13
VNM,1956	27.0,1
VNM,1960	23.4,5
VNM,1964	27.571428571428573,21
VNM,1968	27.555555555555557,9
VNM,1972	43.0,1
WIF,1960	26.2,20
YAR,1984	27.666666666666668,3
YAR,1988	20.125,8
YEM,1992	19.625,8
YEM,1996	24.75,4
YEM,2000	25.0,2
YEM,2004	20.0,3
YEM,2008	21.375,8
YEM,2012	20.0,4
YEM,2016	19.333333333333332,3
YMD,1988	23.6,5
YUG,1920	22.2,15
YUG,1924	25.415584415584416,77
YUG,1928	25.974358974358974,78
YUG,1932	34.0,1
YUG,1936	25.567010309278352,194
YUG,1948	28.987261146496817,157
YUG,1952	26.428571428571427,175
YUG,1956	25.054794520547944,73
YUG,1960	24.437837837837836,185
YUG,1964	24.491525423728813,177
YUG,1968	24.079545454545453,176
YUG,1972	24.57201646090535,243
YUG,1976	24.080882352941178,136
YUG,1980	23.805825242718445,206
YUG,1984	23.613382899628252,269
YUG,1988	23.689655172413794,232
YUG,1992	21.983333333333334,60
ZAM,1964	21.666666666666668,15
ZAM,1968	20.142857142857142,7
ZAM,1972	21.166666666666668,12
ZAM,1980	27.227272727272727,22
ZAM,1984	22.3,10
ZAM,1988	24.03030303030303,33
ZAM,1992	22.818181818181817,11
ZAM,1996	25.75,8
ZAM,2000	23.0,8
ZAM,2004	22.5,6
ZAM,2008	21.875,8
ZAM,2012	22.571428571428573,7
ZAM,2016	24.142857142857142,7
ZIM,1928	20.0,1
ZIM,1960	14.8,10
ZIM,1964	25.303030303030305,33
ZIM,1980	26.941176470588236,51
ZIM,1984	29.1,20
ZIM,1988	25.106382978723403,47
ZIM,1992	21.214285714285715,28
ZIM,1996	23.761904761904763,21
ZIM,2000	24.96153846153846,26
ZIM,2004	25.071428571428573,14
ZIM,2008	26.0625,16
ZIM,2012	27.333333333333332,9
ZIM,2014	20.0,2
ZIM,2016	27.483870967741936,31
